0.03646026	
0.04111417	
0.05124896	
0.06143876	
0.07156855	
0.08181534	
0.09189214	
0.1020449	
0.1125047	
0.1223295	
0.1325423	
0.1426461	
0.1527939	
0.1629837	
0.1731495	
0.1833043	
0.1933771	
0.2035729	
0.2137737	
0.2238925	
0.2343113	
0.244245	
0.2543158	
0.2644586	
0.2747344	
0.2852742	
0.295311	
0.3055638	
0.3156876	
0.3259384	
0.3360532	
0.346217	
0.3563998	
0.3664746	
0.3766014	
0.3868502	
0.39699	
0.4070827	
0.4172825	
0.4274393	
0.4376831	
0.4477989	
0.4579387	
0.4681565	
0.4782423	
0.4884101	
0.4985279	
0.5086927	
0.5188645	
0.5290153	
0.5391821	
0.5493729	
0.5594957	
0.5696985	
0.5798262	
0.589981	
0.6001478	
0.6102276	
0.6204454	
0.6306262	
0.64077	
0.6509688	
0.6610686	
0.6712064	
0.6813512	
0.691545	
0.7096936	
0.7141525	
0.7243363	
0.7345121	
0.7525117	
0.7569377	
0.7670695	
0.7772672	
0.78744	
0.7976668	
0.8076946	
0.8178404	
0.8280532	
0.838196	
0.8483428	
0.8585126	
0.8686534	
0.8788342	
0.888976	
0.8992458	
0.9093566	
0.9194894	
0.9296162	
0.9397479	
0.9499567	
0.9600725	
0.9702833	
0.9804801	
0.9909859	
1.00074	
1.01093	
1.021112	
1.031233	
1.041387	
1.05157	
1.062005	
1.071923	
1.082064	
1.092219	
1.102328	
1.112479	
1.122614	
1.132793	
1.142943	
1.153105	
1.163307	
1.173411	
1.183555	
1.193677	
1.203808	
1.213985	
1.224115	
1.234262	
1.244461	
1.254611	
1.264767	
1.274925	
1.285094	
1.295203	
1.305368	
1.315537	
1.333806	
1.338246	
1.348454	
1.358575	
1.368684	
1.378883	
1.389063	
1.399186	
1.409296	
1.419459	
1.429704	
1.439784	
1.449932	
1.460096	
1.470221	
1.480423	
1.490606	
1.500758	
1.513957	81.1551923	81.1578102	85.1519962	85.1546142	
1.524027	81.1523465	81.1578102	85.1491505	85.1546142	
1.534141	81.1484582	81.1578102	85.1452622	85.1546142	
1.555554	81.1344273	81.1578102	85.1312313	85.1546142	
1.560183	81.1315733	81.1578102	85.1283772	85.1546142	
1.570374	81.1239559	81.1578102	85.1207599	85.1546142	
1.580627	81.115242	81.1490836	85.112046	85.1458876	
1.590711	81.1056603	81.1403569	85.1024643	85.1371609	
1.601072	81.0947248	81.1316303	85.0915288	85.1284343	
1.612678	81.0810609	81.1229036	85.0778649	85.110981	
1.621145	81.0705141	81.1054503	85.0673181	85.0935277	
1.631329	81.0566993	81.087997	85.0535033	85.0760744	
1.641466	81.0419216	81.0618171	85.0387256	85.0586211	
1.651651	81.0260342	81.0356372	85.0228382	85.0411678	
1.662318	81.0082259	81.0181839	85.0050299	85.0237145	
1.671923	80.9913331	81.0007306	84.9881371	85.0062612	
1.682077	80.9724023	80.9832773	84.9692063	84.9888079	
1.692294	80.9523172	80.965824	84.9491212	84.9800813	
1.702401	80.9314198	80.9483707	84.9282237	84.962628	
1.713138	80.9080281	80.9309174	84.9048321	84.9539013	
1.722826	80.8860537	80.9221908	84.8828577	84.936448	
1.732918	80.8621246	80.9134641	84.8589286	84.9277214	
1.743083	80.836973	80.8960108	84.833777	84.9015415	
1.753257	80.8107661	80.8785575	84.8075701	84.8840882	
1.763786	80.7825118	80.8611042	84.7793158	84.8579082	
1.773544	80.7554228	80.8349243	84.7522268	84.8317283	
1.783683	80.7262229	80.8087444	84.7230269	84.8055484	
1.793837	80.6959481	80.7738378	84.6927521	84.7706418	
1.803981	80.6646648	80.7389312	84.6614688	84.7357352	
1.814727	80.6303278	80.7040246	84.6271318	84.692102	
1.824357	80.5987245	80.669118	84.5955285	84.6484687	
1.834485	80.5644115	80.6254848	84.5612155	84.6135621	
1.852576	80.499131	80.5382183	84.495935	84.5350223	
1.857166	80.4826811	80.520765	84.4794851	84.517569	
1.86733	80.4448909	80.4684052	84.4416949	84.4739358	
1.87751	80.4060271	80.4247719	84.4028311	84.4303026	
1.88766	80.3662414	80.3724121	84.3630454	84.3866693	
1.89785	80.3252628	80.3287788	84.3220667	84.3430361	
1.908007	80.2833528	80.2851456	84.2801568	84.2994029	
1.919288	80.2354838	80.2327857	84.2322878	84.2557696	
1.928349	80.1963641	80.1978791	84.193168	84.2121364	
1.938519	80.1513356	80.1542459	84.1481396	84.1772298	
1.948721	80.1051093	80.1106127	84.1019133	84.1335966	
1.958783	80.0585165	80.0757061	84.0553205	84.0899634	
1.978925	79.9601495	80.0058929	83.9569535	84.0026969	
1.983568	79.9376492	79.9884396	83.9344531	83.976517	
1.99372	79.887078	79.9448064	83.883882	83.9328837	
2.003828	79.8357322	79.9011732	83.8325362	83.8805239	
2.0141	79.7824474	79.8662666	83.7792514	83.828164	
2.024278	79.7286723	79.8139067	83.7254763	83.7845307	
2.034412	79.6740783	79.7615468	83.6708823	83.7321709	
2.044663	79.6178085	79.7004603	83.6146125	83.679811	
2.054726	79.5615336	79.6393738	83.5583376	83.6274511	
2.065297	79.5012855	79.5695606	83.4980895	83.5750912	
2.075361	79.4429804	79.4997474	83.4397844	83.5140047	
2.085551	79.3828649	79.4299343	83.3796688	83.4616448	
2.095698	79.3219876	79.3601211	83.3187916	83.3918317	
2.105861	79.2599684	79.2903079	83.2567724	83.3307451	
2.116007	79.1970179	79.2117681	83.1938218	83.260932	
2.126249	79.1323981	79.1419549	83.1292021	83.1823922	
2.136375	79.0675811	79.0634151	83.0643851	83.112579	
2.146554	79.0013144	78.9936019	82.9981184	83.0340392	
2.156708	78.9342005	78.9237888	82.9310044	82.9554993	
2.166885	78.8658498	78.8627023	82.8626538	82.8769595	
2.177008	78.7969358	78.8016157	82.7937398	82.7984197	
2.187253	78.7260658	78.7318026	82.7228698	82.7286065	
2.197374	78.6550205	78.6794427	82.6518245	82.6500667	
2.20747	78.5832118	78.6096295	82.5800158	82.5802536	
2.217882	78.5079442	78.548543	82.5047482	82.5104404	
2.227891	78.4346417	78.4874565	82.4314457	82.4493539	
2.238	78.3596629	78.4176433	82.3564669	82.3795407	
2.248207	78.2828423	78.3478301	82.2796462	82.3097275	
2.258377	78.2052675	78.2692903	82.2020715	82.2399144	
2.26853	78.1267922	78.1907505	82.1235962	82.1788278	
2.278752	78.046743	78.1122107	82.043547	82.1090147	
2.288878	77.9664736	78.0162176	81.9632776	82.0392015	
2.299105	77.8842713	77.9376777	81.8810753	81.9606617	
2.309234	77.8018761	77.8416846	81.7986801	81.8821219	
2.319348	77.7185725	77.7544182	81.7153765	81.803582	
2.329785	77.6311455	77.6671517	81.6279495	81.7163156	
2.339776	77.5471767	77.5798853	81.5439807	81.6203225	
2.350015	77.4596885	77.4838921	81.4564925	81.5243294	
2.360105	77.3724802	77.387899	81.3692842	81.4196096	
2.370242	77.2838269	77.3006326	81.2806309	81.3236165	
2.380754	77.1907513	77.2133661	81.1875553	81.2188967	
2.39086	77.1003232	77.117373	81.0971272	81.114177	
2.401013	77.0083868	77.0213799	81.0051908	81.0094572	
2.41111	76.915931	76.9341134	80.912735	80.9134641	
2.421297	76.821599	76.8381203	80.818403	80.8087444	
2.431533	76.7258099	76.7508539	80.7226139	80.7127513	
2.441665	76.6295981	76.6548607	80.6264021	80.6167581	
2.452095	76.5301947	76.5588676	80.5269987	80.520765	
2.462041	76.4341394	76.4628745	80.4309434	80.4334986	
2.472539	76.3315013	76.3668814	80.3283053	80.3462321	
2.482293	76.2353561	76.2708883	80.2321601	80.2589657	
2.492522	76.1333753	76.1661686	80.1301793	80.1629725	
2.502596	76.0319528	76.0614488	80.0287568	80.0757061	
2.512731	75.9288758	75.9654557	79.9256797	79.9884396	
2.522933	75.8240105	75.8694626	79.8208145	79.9011732	
2.533424	75.7151015	75.7560162	79.7119055	79.7964534	
2.543318	75.6114922	75.6600231	79.6082962	79.7004603	
2.553419	75.5047059	75.5553033	79.5015099	79.5957405	
2.563756	75.3942462	75.4505836	79.3910502	79.4910208	
2.574046	75.2833079	75.3371372	79.2801119	79.3688477	
2.583899	75.1761225	75.2324174	79.1729265	79.2554013	
2.594017	75.0649837	75.118971	79.0617877	79.1332283	
2.60416	74.9525512	75.0055246	78.9493552	79.0110552	
2.614298	74.83909	74.8833516	78.8358939	78.8801555	
2.624474	74.7242567	74.7699052	78.7210607	78.7492558	
2.637335	74.5771845	74.6215522	78.5739885	78.5921762	
2.647422	74.4611043	74.4993791	78.4579083	78.4700032	
2.657542	74.3435492	74.3772061	78.3403532	78.3478301	
2.6677	74.2244599	74.255033	78.2212639	78.2256571	
2.677988	74.1028052	74.13286	78.0996092	78.103484	
2.688053	73.9828455	74.0019603	77.9796495	77.9987643	
2.698231	73.8604124	73.8885139	77.8572164	77.8765912	
2.708433	73.7366726	73.7576142	77.7334766	77.7631448	
2.718507	73.6135261	73.6354411	77.6103301	77.6496984	
2.729425	73.4786343	73.5132681	77.4754383	77.5275254	
2.739017	73.3595251	73.391095	77.3563291	77.4053523	
2.749176	73.2321442	73.268922	77.2289481	77.2919059	
2.759236	73.1050604	73.1380223	77.1018644	77.1610062	
2.769372	72.9759985	73.0245759	76.9728025	77.0388332	
2.779599	72.8446236	72.8936762	76.8414276	76.9166601	
2.789805	72.7125946	72.7715032	76.7093986	76.7857604	
2.799938	72.5804221	72.6406035	76.5772261	76.6548607	
2.810021	72.4478874	72.5097038	76.4446914	76.5239611	
2.820206	72.3129827	72.3788041	76.3097867	76.3843347	
2.832483	72.1486109	72.2479044	76.1454149	76.2359817	
2.841022	72.0339632	72.108278	76.0307671	76.0963554	
2.851233	71.8954627	71.9686517	75.8922667	75.9392758	
2.861336	71.7575617	71.8290254	75.7543657	75.7996494	
2.871423	71.6187105	71.6806724	75.6155145	75.6512964	
2.881609	71.4775657	71.5235927	75.4743696	75.5029434	
2.89179	71.3354542	71.3839664	75.3322582	75.3633171	
2.902032	71.1914253	71.2268868	75.1882293	75.2149641	
2.912078	71.0491537	71.0698071	75.0459577	75.0753378	
2.922512	70.9002058	70.9214542	74.8970098	74.9269848	
2.934092	70.7334674	70.7643745	74.7302714	74.7873584	
2.942587	70.6107245	70.6160215	74.6075285	74.6477321	
2.952735	70.4628479	70.4676685	74.4596519	74.4993791	
2.962921	70.3134521	70.3105889	74.3102561	74.3510261	
2.982304	70.0243447	70.0400629	74.0211487	74.0805001	
2.986984	69.9547096	69.9615231	73.9515136	74.0019603	
2.99708	69.8031311	69.8131701	73.799935	73.8448807	
3.00722	69.6499531	69.6735437	73.6467571	73.6965277	
3.017427	69.4945801	69.5251908	73.4913841	73.5481747	
3.027601	69.3387216	69.3768378	73.3355256	73.391095	
3.038627	69.1683924	69.2197581	73.1651964	73.2252888	
3.048725	69.0116934	69.0801318	73.0084974	73.0682091	
3.058925	68.8522401	68.9317788	72.8490441	72.9111295	
3.06909	68.6923183	68.7834258	72.6891223	72.7627765	
3.07918	68.5325944	68.6263462	72.5293984	72.5969702	
3.089391	68.3697616	68.4779932	72.3665655	72.4398906	
3.099549	68.2069049	68.3121869	72.2037089	72.2740843	
3.10971	68.0443289	68.1551073	72.0411329	72.1170047	
3.119833	67.8823449	67.9980277	71.8791489	71.9511984	
3.129985	67.7199289	67.8322214	71.7167329	71.7853921	
3.140273	67.5551449	67.6751417	71.5519489	71.6195859	
3.15038	67.3935289	67.5093355	71.3903329	71.4537796	
3.160611	67.2298809	67.3348025	71.2266849	71.2879733	
3.170713	67.0682969	67.1777229	71.0651009	71.122167	
3.181111	66.9018329	67.00319	70.8986369	70.9476341	
3.191022	66.7433049	66.8373837	70.7401089	70.7731012	
3.201161	66.5810969	66.6715774	70.5779009	70.6160215	
3.211275	66.4192409	66.4970445	70.4160449	70.4414886	
3.221487	66.2558809	66.3225116	70.2526849	70.2756823	
3.231584	66.0942649	66.1479787	70.0910689	70.1098761	
3.241899	65.9285849	65.9734457	69.9253889	69.9440698	
3.252033	65.7670809	65.7989128	69.7638849	69.7869901	
3.262159	65.6050809	65.6243799	69.6018849	69.6211839	
3.272269	65.4433529	65.4498469	69.4401569	69.4641042	
3.282575	65.2784089	65.2840407	69.2752129	69.3070246	
3.292654	65.1171449	65.1095077	69.1139489	69.1412183	
3.302761	64.9554969	64.9437015	68.9523009	68.9841387	
3.31291	64.7930969	64.7778952	68.7899009	68.8183324	
3.323117	64.6297689	64.6120889	68.6265729	68.6612528	
3.342026	64.3270649	64.3153829	68.3238689	68.3645468	
3.347147	64.2452729	64.2368431	68.2420769	68.2772803	
3.357234	64.0839609	64.0884901	68.0807649	68.1202007	
3.367542	63.9189209	63.9314105	67.9157249	67.9456678	
3.377489	63.7598649	63.7743309	67.7566689	67.7885881	
3.38775	63.5956569	63.6259779	67.5924609	67.6315085	
3.397987	63.4318809	63.4688982	67.4286849	67.4569756	
3.408004	63.2716409	63.3205453	67.2684449	67.299896	
3.418223	63.1081209	63.1634656	67.1049249	67.1428163	
3.428358	62.9459449	63.006386	66.9427489	66.9857367	
3.438537	62.7830009	62.8493064	66.7798049	66.8286571	
3.448765	62.6193849	62.6922267	66.6161889	66.6628508	
3.458876	62.4576729	62.5176938	66.4544769	66.5057711	
3.469314	62.2905369	62.3606142	66.2873409	66.3399649	
3.479208	62.1323449	62.1948079	66.1291489	66.1828852	
3.489399	61.9692729	62.0290016	65.9660769	66.0258056	
3.499565	61.8065529	61.8544687	65.8033569	65.8512727	
3.509737	61.6438489	61.6886624	65.6406529	65.694193	
3.519895	61.4813689	61.5228561	65.4781729	65.5283868	
3.530028	61.3192249	61.3483232	65.3160289	65.3625805	
3.540175	61.1568089	61.1825169	65.1536129	65.1880476	
3.551671	60.9727289	60.9905307	64.9695329	65.004788	
3.561378	60.8176089	60.8334511	64.8144129	64.8389817	
3.571553	60.6547289	60.6676448	64.6515329	64.6731754	
3.581792	60.4909209	60.5018385	64.4877249	64.5073692	
3.592235	60.3238489	60.3360322	64.3206529	64.3502895	
3.602039	60.1670489	60.1789526	64.1638529	64.1757566	
3.612148	60.0052729	60.021873	64.0020769	64.018677	
3.622302	59.8427769	59.8647933	63.8395809	63.8615973	
3.632435	59.6806809	59.6989871	63.6774849	63.7045177	
3.64262	59.5177049	59.5506341	63.5145089	63.5474381	
3.662455	59.2002169	59.2364748	63.1970209	63.2332788	
3.667189	59.1246169	59.1666616	63.1214209	63.1634656	
3.677309	58.9626809	59.0008554	62.9594849	62.9976594	
3.687461	58.8002649	58.8350491	62.7970689	62.8405797	
3.697648	58.6372889	58.6779695	62.6340929	62.6747734	
3.707822	58.4744569	58.5121632	62.4712609	62.5176938	
3.718053	58.3108569	58.3463569	62.3076609	62.3606142	
3.728139	58.1494489	58.1805506	62.1462529	62.1948079	
3.738269	57.9873369	58.0147443	61.9841409	62.0290016	
3.748551	57.8227929	57.8489381	61.8195969	61.8631953	
3.758635	57.6614489	57.6918584	61.6582529	61.6973891	
3.768813	57.4986649	57.5260521	61.4954689	61.5315828	
3.779026	57.3352409	57.3602459	61.3320449	61.3657765	
3.789181	57.1727289	57.1944396	61.1695329	61.1999702	
3.799265	57.0114649	57.03736	61.0082689	61.0341639	
3.809429	56.8488089	56.8715537	60.8456129	60.8683577	
3.819639	56.6854169	56.714474	60.6822209	60.711278	
3.829794	56.5229529	56.5486678	60.5197569	60.5454718	
3.839945	56.3605529	56.3915881	60.3573569	60.3883921	
3.850069	56.1985849	56.2345085	60.1953889	60.2313125	
3.86033	56.0342969	56.0687022	60.0311009	60.0742329	
3.870428	55.8728089	55.9116226	59.8696129	59.9171532	
3.88063	55.7095609	55.7458163	59.7063649	59.7513469	
3.890806	55.5467289	55.5887367	59.5435329	59.5942673	
3.901031	55.3818009	55.431657	59.3786049	59.428461	
3.911092	55.2221529	55.2571241	59.2189569	59.2713814	
3.921267	55.0593849	55.1000445	59.0561889	59.1055751	
3.931444	54.8965529	54.9342382	58.8933569	58.9397688	
3.941537	54.7350329	54.7684319	58.7318369	58.7652359	
3.951667	54.5729689	54.6113523	58.5697729	58.5994296	
3.961968	54.4074809	54.445546	58.4042849	58.4336234	
3.974274	54.2112089	54.2448332	58.2080129	58.2329105	
3.982197	54.0845049	54.1139335	58.0813089	58.1020108	
3.992332	53.9222489	53.9481272	57.9190529	57.9449312	
4.002547	53.7588569	53.7910475	57.7556609	57.7878515	
4.012713	53.5962489	53.6165146	57.5930529	57.6220453	
4.022828	53.4344089	53.459435	57.4312129	57.4649656	
4.032962	53.2722809	53.3023554	57.2690849	57.307886	
4.043525	53.1032249	53.1278224	57.1000289	57.1420797	
4.054015	52.9354009	52.9532895	56.9322049	56.9762734	
4.063912	52.7770169	52.7962099	56.7738209	56.8191938	
4.074096	52.6141369	52.6391302	56.6109409	56.6533875	
4.084212	52.4522489	52.4820506	56.4490529	56.4963079	
4.09433	52.2904089	52.3162443	56.2872129	56.3305016	
4.104549	52.1268729	52.150438	56.1236769	56.1646953	
4.122514	51.8393849	51.8711854	55.8361889	55.8679894	
4.127177	51.7648409	51.7926456	55.7616449	55.7981762	
4.137344	51.6021849	51.6268393	55.5989889	55.6236433	
4.147498	51.4396729	51.4697596	55.4364769	55.4665636	
4.158545	51.2627609	51.31268	55.2595649	55.3007573	
4.167881	51.1135449	51.1468737	55.1103489	55.1349511	
4.178001	50.9511129	50.9810675	54.9479169	54.9691448	
4.188189	50.7886329	50.8239878	54.7854369	54.8120652	
4.198321	50.6265689	50.6494549	54.6233729	54.6462589	
4.208478	50.4640089	50.4923753	54.4608129	54.4891792	
4.218655	50.3011769	50.3352956	54.2979809	54.3320996	
4.228869	50.1377529	50.1607627	54.1345569	54.17502	
4.238991	49.9758329	50.0036831	53.9726369	54.0179403	
4.249094	49.8142009	49.8466034	53.8110049	53.8608607	
4.26018	49.6366329	49.6807972	53.6334369	53.6950544	
4.269629	49.4855609	49.5149909	53.4823649	53.5292482	
4.279756	49.3235449	49.3579112	53.3203489	53.3721685	
4.289891	49.1608569	49.192105	53.1576609	53.2063622	
4.300058	48.9987769	49.0350253	52.9955809	53.040556	
4.310261	48.8354489	48.8692191	52.8322529	52.8747497	
4.320426	48.6728409	48.7121394	52.6696449	52.7089434	
4.330626	48.5096089	48.5463331	52.5064129	52.5431371	
4.340787	48.3470809	48.3805269	52.3438849	52.3773309	
4.351105	48.1819289	48.2234472	52.1787329	52.2027979	
4.361895	48.0085689	48.057641	52.0053729	52.0457183	
4.37124	47.8598169	47.8918347	51.8566209	51.8711854	
4.381359	47.6978809	47.734755	51.6946849	51.7141057	
4.391583	47.5343289	47.5602221	51.5311329	51.5395728	
4.401804	47.3707929	47.3944158	51.3675969	51.3824932	
4.412397	47.2012089	47.2286096	51.1980129	51.2166869	
4.430024	46.9192409	46.9319036	50.9160449	50.9374342	
4.442624	46.7176729	46.7224641	50.7144769	50.7367214	
4.447273	46.6433529	46.6526509	50.6401569	50.6669082	
4.45741	46.4811609	46.4868446	50.4779649	50.5098286	
4.467877	46.3135289	46.3210383	50.3103329	50.3527489	
4.477909	46.1530969	46.1639587	50.1499009	50.1956693	
4.488079	45.9903929	45.9981524	49.9871969	50.0385897	
4.498229	45.8280089	45.8323462	49.8248129	49.8727834	
4.508344	45.6661529	45.6752665	49.6629569	49.7069771	
4.518582	45.5023129	45.5181869	49.4991169	49.5411708	
4.528737	45.3398489	45.3611073	49.3366529	49.3753645	
4.538894	45.1773689	45.2040276	49.1741729	49.2095583	
4.549079	45.0144089	45.046948	49.0112129	49.043752	
4.55917	44.8529049	44.8898684	48.8497089	48.8692191	
4.569698	44.6843449	44.7240621	48.6811489	48.7034128	
4.579627	44.5256089	44.5669824	48.5224129	48.5376065	
4.58976	44.3635129	44.4011762	48.3603169	48.3805269	
4.599928	44.2008089	44.2440965	48.1976129	48.2147206	
4.610039	44.0390329	44.0870169	48.0358369	48.0489143	
4.620234	43.8773994	43.912484	47.8742033	47.8918347	
4.630404	43.7172828	43.7466777	47.7140868	47.734755	
4.640538	43.5580539	43.5895981	47.5548579	47.5776754	
4.65072	43.400485	43.4237918	47.397289	47.4205958	
4.661095	43.2402212	43.2579855	47.2370252	47.2635161	
4.671133	43.0861155	43.0921792	47.0829195	47.1064365	
4.681226	42.9324079	42.926373	46.9292119	46.9493569	
4.691423	42.7780162	42.7605667	46.7748202	46.8010039	
4.701536	42.6259226	42.603487	46.6227266	46.6439243	
4.71161	42.4753175	42.4464074	46.4721215	46.4868446	
4.721862	42.3232389	42.2980544	46.3200428	46.329765	
4.732033	42.1733552	42.1497014	46.1701592	46.1726854	
4.742223	42.024223	42.0013484	46.021027	46.0243324	
4.752272	41.8781495	41.8529955	45.8749535	45.8672527	
4.76253	41.7300068	41.7133691	45.7268108	45.7101731	
4.772776	41.5831645	41.5737428	45.5799685	45.5618201	
4.78286	41.4396589	41.4428431	45.4364629	45.4221938	
4.792995	41.2964487	41.3119434	45.2932527	45.2825674	
4.803257	41.1524665	41.1723171	45.1492705	45.1429411	
4.81383	41.0051359	41.0326907	45.0019399	44.9945881	
4.823517	40.8712369	40.901791	44.8680409	44.8724151	
4.833658	40.7319906	40.7621647	44.7287946	44.7415154	
4.843786	40.59398	40.6225383	44.590784	44.6106157	
4.8539	40.4571465	40.4741854	44.4539505	44.479716	
4.86406	40.3206633	40.334559	44.3174673	44.3488163	
4.874366	40.1833071	40.1949327	44.1801111	44.20919	
4.884476	40.0496317	40.0553063	44.0464357	44.0870169	
4.89468	39.9157491	39.91568	43.912553	43.9473906	
4.904774	39.784275	39.7760537	43.781079	43.8164909	
4.915332	39.6478096	39.645154	43.6446136	43.6768645	
4.925424	39.5184902	39.5142543	43.5152942	43.5459648	
4.935796	39.3865973	39.3746279	43.3834013	43.4063385	
4.945942	39.2586114	39.2437282	43.2554154	43.2667122	
4.956093	39.1315209	39.1215552	43.1283249	43.1270858	
4.966297	39.0048503	38.9906555	43.0016543	43.0049128	
4.986536	38.7585487	38.7463094	42.7553527	42.7343867	
4.991192	38.7018492	38.6939495	42.6986532	42.6733002	
5.001513	38.5773173	38.5717765	42.5741213	42.5511272	
5.011538	38.4573011	38.4496034	42.4541051	42.4289541	
5.021665	38.3371195	38.3274304	42.3339235	42.3155077	
5.031855	38.2172669	38.213984	42.2140709	42.2020613	
5.042089	38.0974733	38.1005376	42.0942773	42.0886149	
5.052167	37.9813363	37.9870912	41.9781403	41.9751685	
5.062329	37.8648268	37.8736448	41.8616308	41.8704488	
5.073455	37.7384185	37.7601984	41.7352225	41.765729	
5.082765	37.6336087	37.646752	41.6304127	41.6610092	
5.092931	37.5201506	37.5420322	41.5169546	41.5562895	
5.103039	37.4083133	37.4285858	41.4051173	41.4515697	
5.113223	37.2966962	37.3151394	41.2935002	41.3381233	
5.123782	37.1820672	37.201693	41.1788712	41.2246769	
5.133539	37.0770568	37.0969733	41.0738608	41.1112305	
5.143655	36.9691579	36.9835268	40.9659618	40.9977841	
5.153796	36.8620929	36.8700804	40.8588968	40.8930644	
5.163919	36.7561761	36.756634	40.7529801	40.7708913	
5.182551	36.5653776	36.5646478	40.5621816	40.5701785	
5.187314	36.5166332	36.5210146	40.5134372	40.5178186	
5.197407	36.4143533	36.4075682	40.4111573	40.4043722	
5.207509	36.3130089	36.3115751	40.3098129	40.2996524	
5.217675	36.2120444	36.2068553	40.2088484	40.1949327	
5.227938	36.1111402	36.1108622	40.1079442	40.0902129	
5.238162	36.0116861	36.0061425	40.0084901	39.9942198	
5.248253	35.9144368	35.9101494	39.9112408	39.8982267	
5.258385	35.8178916	35.8141563	39.8146956	39.8022336	
5.268572	35.7218836	35.7268898	39.7186876	39.7149671	
5.279945	35.6159019	35.62217	39.6127059	39.618974	
5.288927	35.5330117	35.5349036	39.5298157	39.5317076	
5.299108	35.4400547	35.4476371	39.4368587	39.4444411	
5.309245	35.3485172	35.3603706	39.3453212	39.3571746	
5.319368	35.2581221	35.2731042	39.2549261	39.2786348	
5.329665	35.1671895	35.1858377	39.1639935	39.1913684	
5.339809	35.0786551	35.0985713	39.0754591	39.1128285	
5.349976	34.9909366	35.0113048	38.9877406	39.0255621	
5.360109	34.9044763	34.932765	38.9012803	38.9382956	
5.370242	34.81905	34.8454985	38.815854	38.8510291	
5.381315	34.7268889	34.7495054	38.7236929	38.7463094	
5.390742	34.649361	34.6709656	38.646165	38.6677696	
5.400862	34.5670934	34.5836991	38.5638974	38.5805031	
5.410927	34.4862324	34.4964327	38.4830364	38.48451	
5.421136	34.405206	34.4178928	38.40201	38.4059702	
5.43133	34.3254489	34.3218997	38.3222529	38.3187037	
5.441474	34.247027	34.2433599	38.243831	38.2314373	
5.451639	34.1694262	34.1560935	38.1662302	38.1528974	
5.461816	34.0927789	34.068827	38.0895829	38.0830843	
5.472286	34.0149693	33.9990138	38.0117733	38.0045445	
5.483379	33.9337857	33.9030207	37.9305897	37.9260046	
5.492256	33.8695688	33.8419342	37.8663727	37.8561915	
5.502436	33.7969453	33.7633944	37.7937493	37.7863783	
5.512556	33.7257412	33.7023079	37.7225452	37.7165651	
5.522722	33.6551918	33.6324947	37.6519958	37.6554786	
5.532919	33.5854925	33.5714082	37.5822965	37.5943921	
5.545443	33.5001374	33.5103216	37.4969414	37.5245789	
5.553189	33.4500563	33.4405085	37.4468603	37.4634924	
5.563352	33.3835865	33.3881486	37.3803905	37.3936792	
5.573795	33.316351	33.3270621	37.313155	37.3325927	
5.585151	33.2445286	33.2659755	37.2413325	37.2627795	
5.593736	33.1909355	33.2136157	37.1877395	37.201693	
5.603847	33.1287811	33.1438025	37.1255851	37.1406065	
5.614046	33.0671151	33.0914426	37.0639191	37.07952	
5.624154	33.0070235	33.0216294	37.0038275	37.0184334	
5.634362	32.9473028	32.9605429	36.9441068	36.9486203	
5.644497	32.8890379	32.8994564	36.8858419	36.8962604	
5.662489	32.7894035	32.7947366	36.7862075	36.7915406	
5.667447	32.7618693	32.7685567	36.7586733	36.756634	
5.677505	32.7072633	32.7074702	36.7040673	36.7042742	
5.68815	32.6505659	32.6551103	36.6473699	36.6431876	
5.697986	32.599125	32.6027504	36.595929	36.5908278	
5.708171	32.5468072	32.5416639	36.5436112	36.5384679	
5.718416	32.4952832	32.489304	36.4920872	36.486108	
5.728521	32.4453934	32.4369441	36.4421974	36.4337481	
5.738723	32.3960245	32.3933109	36.3928285	36.3901149	
5.748938	32.3475998	32.340951	36.3444038	36.3464817	
5.759012	32.3008551	32.2973178	36.297659	36.3028484	
5.769243	32.2543644	32.2536846	36.2511684	36.2592152	
5.779414	32.2091469	32.2100513	36.2059509	36.215582	
5.789723	32.1643138	32.1664181	36.1611178	36.1806754	
5.79974	32.121749	32.1227849	36.118553	36.1457688	
5.809866	32.0796756	32.0791517	36.0764796	36.1108622	
5.820056	32.0383498	32.0442451	36.0351538	36.0759556	
5.830279	31.9978832	32.0093385	35.9946872	36.0323224	
5.840398	31.9587828	31.9744319	35.9555868	35.9974158	
5.85053	31.920443	31.9395253	35.917247	35.9625092	
5.860794	31.8830032	31.9046187	35.8798072	35.9276027	
5.870805	31.8472406	31.8697121	35.8440446	35.8839694	
5.881082	31.8115069	31.8348056	35.8083109	35.8490628	
5.891556	31.7761508	31.799899	35.7729548	35.796703	
5.901459	31.7436616	31.7649924	35.7404656	35.7617964	
5.911537	31.7115715	31.7300858	35.7083755	35.7268898	
5.921742	31.6800405	31.6951792	35.6768444	35.6919832	
5.932283	31.6485289	31.6602726	35.6453329	35.6570766	
5.942124	31.619993	31.625366	35.616797	35.62217	
5.952213	31.5917072	31.5904595	35.5885111	35.5959901	
5.962385	31.5641555	31.5555529	35.5609595	35.5698102	
5.972527	31.5376514	31.5293729	35.5344554	35.5436302	
5.982735	31.511936	31.503193	35.5087399	35.5174503	
6.000995	31.4697201	31.4508331	35.466524	35.4825437	
6.005681	31.458815	31.4421065	35.455619	35.4650904	
6.015833	31.4363436	31.4246532	35.4331476	35.4476371	
6.025956	31.4148811	31.4071999	35.4116851	35.4214572	
6.036175	31.3941674	31.3897466	35.3909714	35.4040039	
6.046416	31.3743622	31.38102	35.3711662	35.3865506	
6.056532	31.3557194	31.3635667	35.3525234	35.3690973	
6.066692	31.3379208	31.35484	35.3347248	35.351644	
6.076884	31.3209971	31.3461134	35.3178011	35.3429174	
6.087035	31.3050647	31.3461134	35.3018686	35.3254641	
6.097273	31.2899112	31.3373867	35.2867152	35.3167374	
6.107479	31.275728	31.3373867	35.272532	35.3080108	
6.117553	31.2626081	31.3286601	35.2594121	35.2992841	
6.127687	31.2502904	31.3112068	35.2470944	35.2905575	
6.137904	31.2387672	31.3024801	35.2355712	35.2818308	
6.14807	31.2281707	31.2850268	35.2249747	35.2731042	
6.158297	31.2183825	31.2675735	35.2151865	35.2643775	
6.168399	31.209547	31.2413936	35.206351	35.2556509	
6.178498	31.2015314	31.2239403	35.1983354	35.2469242	
6.197036	31.1901639	31.1890337	35.1869679	35.2207443	
6.201748	31.1871746	31.1803071	35.1839786	35.2207443	
6.211908	31.1816678	31.1715804	35.1784718	35.203291	
6.22202	31.176892	31.1541271	35.173696	35.1945644	
6.232411	31.1727093	31.1541271	35.1695133	35.1858377	
6.242347	31.1693131	31.1541271	35.1661171	35.1771111	
6.252471	31.1664629	31.1541271	35.1632669	35.1683844	
6.262669	31.1641573	31.1541271	35.1609613	35.1683844	
6.272769	31.1623661	31.1628538	35.1591701	35.1596578	
6.282928	31.1578102	31.1715804	35.1546142	35.1596578	
