0.05190195	
0.05702584	
0.06683564	
0.07694244	
0.08705424	
0.09720303	
0.1073718	
0.1175336	
0.1356093	
0.1400792	
0.150235	
0.1604267	
0.1706055	
0.1807503	
0.1909081	
0.2011009	
0.2112347	
0.2214015	
0.2315163	
0.2416801	
0.2518589	
0.2620287	
0.2722595	
0.2823523	
0.2925001	
0.3026579	
0.3128667	
0.3230885	
0.3332132	
0.343349	
0.3535698	
0.3636946	
0.3738424	
0.3840452	
0.394185	
0.4043128	
0.4144996	
0.4246884	
0.4348472	
0.444966	
0.4551908	
0.4653686	
0.4754764	
0.4856312	
0.4957739	
0.5059567	
0.5160775	
0.5263073	
0.5364261	
0.5465779	
0.5567177	
0.5669005	
0.5770383	
0.5872021	
0.5973199	
0.6075317	
0.6177675	
0.6277943	
0.6381831	
0.6481439	
0.6582787	
0.6684045	
0.6785172	
0.688725	
0.6989178	
0.7090036	
0.7192184	
0.7293012	
0.739796	
0.7499188	
0.7600946	
0.7801432	
0.7846291	
0.7948409	
0.8049367	
0.8151055	
0.8252713	
0.8353491	
0.8455519	
0.8557457	
0.8659284	
0.8760342	
0.886293	
0.8964148	
0.9065346	
0.9166574	
0.9268542	
0.9471918	
0.9516207	
0.9618255	
0.9719903	
0.9821001	
0.9923509	
1.002484	
1.012618	
1.022847	
1.033808	
1.043239	
1.053356	
1.063466	
1.073637	
1.083817	
1.093915	
1.104148	
1.114282	
1.124393	
1.134594	
1.144746	
1.154995	
1.165136	
1.175265	
1.185888	
1.195967	
1.206115	
1.216315	
1.226404	
1.236613	
1.246699	
1.256857	
1.2671	
1.277206	
1.287357	
1.297632	
1.315602	
1.320124	
1.330268	
1.340354	
1.35053	
1.360711	
1.370904	
1.381023	
1.391206	
1.40138	
1.411513	
1.421672	
1.4318	
1.442007	
1.452283	
1.46229	
1.472486	
1.482637	
1.492786	
1.503001	
1.513128	
1.523279	
1.533434	
1.54359	
1.553822	
1.563921	
1.574086	
1.584293	
1.594375	
1.604548	
1.614705	
1.624871	
1.635188	
1.645229	
1.655386	
1.665656	
1.675703	
1.685883	
1.696043	
1.706219	
1.716329	
1.726511	
1.7366	
1.746766	
1.756928	
1.767085	
1.777223	
1.787397	
1.797543	
1.80775	
1.817889	
1.828016	
1.838112	
1.848342	
1.858439	
1.86858	
1.87874	
1.888972	
1.907148	
1.911589	
1.921801	
1.93199	
1.942165	
1.952293	
1.962418	
1.972561	
1.9827	
1.992937	
2.003116	
2.013166	
2.023373	
2.041478	
2.045947	
2.056138	
2.066361	
2.076517	
2.086578	
2.096964	
2.107063	
2.117066	
2.127217	
2.137375	
2.147482	
2.166316	
2.170788	
2.180944	
2.191143	
2.201558	
2.211439	
2.221589	
2.231719	
2.241934	
2.252051	
2.262178	
2.27241	
2.282517	
2.292667	
2.302828	
2.31386	32.1645902	32.1664181	36.1963008	36.1981287	
2.323715	32.1620484	32.1664181	36.1937589	36.1981287	
2.333815	32.1584102	32.1664181	36.1901207	36.1981287	
2.343982	32.1537076	32.1664181	36.1854182	36.1981287	
2.354256	32.1478954	32.1664181	36.179606	36.189402	
2.36434	32.1411857	32.1664181	36.1728962	36.189402	
2.374472	32.1334126	32.1664181	36.1651232	36.189402	
2.384624	32.1245923	32.1664181	36.1563029	36.189402	
2.394754	32.1147659	32.1576915	36.1464765	36.189402	
2.404949	32.1038348	32.1576915	36.1355454	36.189402	
2.415259	32.0916995	32.1576915	36.1234101	36.189402	
2.425397	32.0787756	32.1489648	36.1104861	36.1806754	
2.435476	32.064892	32.1489648	36.0966026	36.1806754	
2.445674	32.049801	32.1402382	36.0815116	36.1719487	
2.45582	32.0337563	32.1227849	36.0654669	36.1632221	
2.466032	32.0165823	32.1140582	36.0482928	36.1544955	
2.476145	31.9985452	32.0878783	36.0302558	36.1457688	
2.486316	31.9793633	32.0616984	36.0110739	36.1195889	
2.496556	31.9589948	32.0355184	35.9907054	36.0934089	
2.507047	31.9370082	32.0093385	35.9687188	36.067229	
2.517319	31.9144566	31.9744319	35.9461671	36.0323224	
2.527223	31.8917538	31.9395253	35.9234643	35.9974158	
2.537366	31.8674527	31.9046187	35.8991633	35.9537826	
2.547497	31.8421496	31.8697121	35.8738601	35.918876	
2.566063	31.7915389	31.799899	35.8232494	35.8490628	
2.570736	31.7789184	31.7824457	35.810629	35.8316095	
2.580886	31.7501862	31.7562657	35.7818968	35.7879763	
2.591044	31.7203902	31.7213592	35.7521008	35.7530697	
2.601168	31.6896705	31.6951792	35.7213811	35.7181631	
2.611375	31.6576494	31.6602726	35.68936	35.6919832	
2.621619	31.6244741	31.6340927	35.6561847	35.6658033	
2.631694	31.5908262	31.6079128	35.6225367	35.6396233	
2.641977	31.5554331	31.5730062	35.5871437	35.6134434	
2.652008	31.5199074	31.5468262	35.551618	35.5872634	
2.662245	31.4825709	31.5206463	35.5142815	35.5610835	
2.672444	31.444361	31.4857397	35.4760715	35.5349036	
2.682551	31.4054913	31.4508331	35.4372019	35.499997	
2.692731	31.3652689	31.4159265	35.3969795	35.473817	
2.702823	31.3243794	31.3897466	35.35609	35.4389105	
2.713062	31.2818596	31.35484	35.3135702	35.4040039	
2.72334	31.2380889	31.3112068	35.2697995	35.3690973	
2.733423	31.1941991	31.2763002	35.2259096	35.3254641	
2.743605	31.1487732	31.2413936	35.1804838	35.2818308	
2.75382	31.1021963	31.1890337	35.1339069	35.229471	
2.763896	31.0552457	31.1366739	35.0869563	35.1771111	
2.784702	30.9527966	31.0319541	34.9845071	35.0636647	
2.789448	30.9296036	30.9970475	34.9613142	35.0287581	
2.79962	30.8785473	30.9446876	34.9102579	34.9676716	
2.809799	30.8264298	30.8748745	34.8581403	34.8978584	
2.820727	30.7691664	30.8050613	34.800877	34.8280452	
2.830228	30.7186437	30.7439748	34.7503543	34.7669587	
2.840415	30.663388	30.6828883	34.6950986	34.7058722	
2.850539	30.6074421	30.6130751	34.6391527	34.6447857	
2.86068	30.5503447	30.5432619	34.5820552	34.5836991	
2.87085	30.4920361	30.4821754	34.5237466	34.5226126	
2.880997	30.4328779	30.4210889	34.4645884	34.4702527	
2.907112	30.2716326	30.2814625	34.3033432	34.3306264	
2.91173	30.243419	30.2552826	34.2751296	34.3044464	
2.931435	30.1175699	30.1505628	34.1492805	34.1997267	
2.936076	30.0881177	30.1243829	34.1198283	34.1735468	
2.946341	30.0215141	30.072023	34.0532247	34.1211869	
2.956539	29.9543349	30.0109365	33.9860455	34.0513737	
2.96698	29.8841987	29.94985	33.9159093	33.9902872	
2.976752	29.8181111	29.8887634	33.8498217	33.9292007	
2.986923	29.7480142	29.8189503	33.7797247	33.8593875	
2.997083	29.6769828	29.7491371	33.7086933	33.7895743	
3.007225	29.6050212	29.6793239	33.6367317	33.7110345	
3.017375	29.5319426	29.6007841	33.5636532	33.6324947	
3.027671	29.4568118	29.5309709	33.4885224	33.5452282	
3.037888	29.3811734	29.4437045	33.412884	33.4666884	
3.047896	29.3061363	29.3651647	33.3378468	33.3881486	
3.058069	29.2287881	29.2778982	33.2604986	33.3008821	
3.068486	29.1484475	29.1906317	33.180158	33.2136157	
3.07834	29.0715981	29.1120919	33.1033087	33.1350758	
3.08852	28.9910563	29.0248255	33.0227668	33.056536	
3.098665	28.9098281	28.937559	32.9415387	32.9692696	
3.108782	28.8277861	28.8415659	32.8594967	32.8907298	
3.118942	28.7443444	28.7630261	32.776055	32.8121899	
3.13711	28.591078	28.6059464	32.6227886	32.6551103	
3.141815	28.5515181	28.5623132	32.5832287	32.6202037	
3.151952	28.4649544	28.4750467	32.496665	32.5329373	
3.162322	28.3752696	28.3877803	32.4069802	32.4456708	
3.172504	28.2861739	28.3092405	32.3178845	32.3584043	
3.182637	28.196518	28.221974	32.2282285	32.2798645	
3.192824	28.1053621	28.1347075	32.1370727	32.1925981	
3.202985	28.0133808	28.0474411	32.0450914	32.0966049	
3.213098	27.9208324	27.9601746	31.9525429	32.0093385	
3.22443	27.8156506	27.8816348	31.8473612	31.922072	
3.233494	27.7309782	27.7856417	31.7626888	31.8173523	
3.243669	27.6346723	27.6983752	31.6663829	31.7300858	
3.253823	27.537631	27.6111088	31.5693416	31.625366	
3.263936	27.4399422	27.506389	31.4716528	31.5293729	
3.274158	27.3400808	27.4103959	31.3717914	31.4246532	
3.284276	27.2402856	27.3144028	31.2719962	31.3286601	
3.294464	27.1387688	27.209683	31.1704794	31.2239403	
3.304634	27.0363578	27.0962366	31.0680683	31.1192206	
3.314724	26.9337483	26.9827902	30.9654589	31.0145008	
3.326133	26.8162543	26.8693438	30.8479649	30.9010544	
3.335394	26.7202933	26.7471708	30.7520038	30.7963347	
3.345491	26.6144951	26.6337244	30.6462057	30.6828883	
3.355744	26.5060353	26.520278	30.5377458	30.5694418	
3.365857	26.3980198	26.4068316	30.4297303	30.4559954	
3.375977	26.2888722	26.2933852	30.3205828	30.342549	
3.38615	26.1781481	26.1799388	30.2098587	30.2291026	
3.396326	26.066378	26.0664924	30.0980886	30.1243829	
3.406514	25.9533929	25.953046	29.9851035	30.0109365	
3.416629	25.8402767	25.8483262	29.8719873	29.8974901	
3.427761	25.7142807	25.7436065	29.7459913	29.7927703	
3.436986	25.6092857	25.6388867	29.6409963	29.6793239	
3.447131	25.4927392	25.5254403	29.5244498	29.5658775	
3.457323	25.3745536	25.4119939	29.4062642	29.4524311	
3.467489	25.2556373	25.3072742	29.2873479	29.3389847	
3.486024	25.0345652	25.0978346	29.0662758	29.1382719	
3.490708	24.9788509	25.0454748	29.0105615	29.085912	
3.500882	24.8563944	24.9320284	28.888105	28.9724656	
3.511016	24.7335408	24.818582	28.7652514	28.8502925	
3.521123	24.6098724	24.6964089	28.641583	28.7281195	
3.532648	24.4713319	24.5567826	28.5030425	28.5972198	
3.541513	24.3656545	24.4346095	28.3973651	28.4837734	
3.551678	24.2453908	24.3037098	28.2771014	28.3528737	
3.561922	24.1252431	24.1728101	28.1569537	28.221974	
3.571998	24.0081722	24.0419104	28.0398828	28.0823477	
3.58219	23.8906785	23.9110108	27.9223891	27.951448	
3.592386	23.7742429	23.7713844	27.8059535	27.8205483	
3.602511	23.6596016	23.6404847	27.6913122	27.6809219	
3.612656	23.5457932	23.5183117	27.5775038	27.5587489	
3.622787	23.4331406	23.387412	27.4648512	27.4278492	
3.634453	23.3047226	23.2652389	27.3364332	27.2969495	
3.643227	23.2090157	23.1605192	27.2407263	27.1922297	
3.65327	23.1004055	23.0470728	27.1321161	27.0700567	
3.663722	22.9884051	22.942353	27.0201157	26.9653369	
3.673649	22.8830773	22.8463599	26.9147878	26.8606172	
3.683792	22.7764588	22.7503668	26.8081694	26.7733507	
3.693958	22.6705759	22.6543737	26.7022865	26.6773576	
3.704104	22.5659955	22.5583806	26.5977061	26.5813645	
3.714297	22.4619248	22.4711141	26.4936354	26.494098	
3.724396	22.3598228	22.375121	26.3915334	26.4068316	
3.736268	22.2412241	22.2704013	26.2729347	26.3108385	
3.744782	22.1569208	22.1918614	26.1886313	26.2322987	
3.754924	22.0574427	22.0958683	26.0891533	26.1450322	
3.765098	21.9586904	21.9998752	25.990401	26.0577657	
3.775586	21.8579808	21.9126088	25.8896914	25.9704993	
3.785433	21.7644681	21.8166156	25.7961786	25.8745062	
3.795569	21.669167	21.7118959	25.7008775	25.7785131	
3.805719	21.5747478	21.6246294	25.6064584	25.6737933	
3.815811	21.4818666	21.5286363	25.5135772	25.5690735	
3.826035	21.3888144	21.4239166	25.4205249	25.4643538	
3.837765	21.2834839	21.3104702	25.3151945	25.3509074	
3.846339	21.2071726	21.2232037	25.2388831	25.2636409	
3.856555	21.1173268	21.1184839	25.1490374	25.1589212	
3.866623	21.0297791	21.0224908	25.0614897	25.0542014	
3.877018	20.9403974	20.9264977	24.972108	24.9582083	
3.886943	20.8560999	20.8305046	24.8878105	24.8534885	
3.897096	20.7708297	20.7345115	24.8025403	24.7662221	
3.907334	20.6859286	20.6472451	24.7176391	24.6789556	
3.917387	20.6035439	20.5599786	24.6352545	24.5916892	
3.927969	20.5178951	20.4814388	24.5496057	24.5044227	
3.939317	20.4273837	20.3854457	24.4590943	24.4171562	
3.947972	20.3590457	20.3243591	24.3907563	24.3560697	
3.95803	20.2806763	20.254546	24.3123869	24.2862565	
3.968186	20.2025662	20.1847328	24.2342767	24.2164434	
3.978531	20.1240378	20.1149196	24.1557484	24.1466302	
3.988713	20.0477472	20.0451065	24.0794578	24.0855437	
3.998837	19.9729651	19.9840199	24.0046757	24.0244572	
4.009104	19.8981003	19.9229334	23.9298109	23.9633706	
4.027186	19.7702214	19.8007604	23.801932	23.8499242	
4.031798	19.7375287	19.7745804	23.7692393	23.8237443	
4.042543	19.6627259	19.7047673	23.6944365	23.7539311	
4.052363	19.5953446	19.6436807	23.6270552	23.6928446	
4.062497	19.5267994	19.5738676	23.55851	23.6230314	
4.072708	19.4587625	19.5040544	23.4904731	23.5532183	
4.083201	19.3899368	19.4342412	23.4216474	23.4746784	
4.093297	19.3247093	19.3644281	23.3564199	23.4048653	
4.103471	19.2599978	19.2858882	23.2917083	23.3350521	
4.113655	19.1962408	19.2160751	23.2279513	23.2652389	
4.12385	19.1333987	19.1375352	23.1651093	23.1866991	
4.13396	19.0721382	19.0677221	23.1038488	23.1168859	
4.144555	19.0089978	18.9979089	23.0407084	23.0470728	
4.154596	18.9501753	18.9280957	22.9818859	22.9772596	
4.164805	18.891379	18.8670092	22.9230896	22.9161731	
4.17495	18.8339547	18.797196	22.8656652	22.8463599	
4.185288	18.7751141	18.7448362	22.8068247	22.794	
4.203277	18.6802743	18.6488431	22.7119849	22.6892803	
4.20796	18.6551546	18.6226631	22.6868652	22.6631003	
4.218753	18.5986498	18.5703032	22.6303603	22.6020138	
4.22821	18.5500486	18.5353967	22.5817592	22.5671072	
4.238581	18.4977777	18.4917634	22.5294882	22.5147474	
4.248641	18.448048	18.4481302	22.4797586	22.4798408	
4.258776	18.3989638	18.4132236	22.4306743	22.4362075	
4.26892	18.3508397	18.3695904	22.3825502	22.3925743	
4.27909	18.3035782	18.3259571	22.3352888	22.3576677	
4.289782	18.2550133	18.2910506	22.2867239	22.3227611	
4.299625	18.2112446	18.256144	22.2429552	22.2878545	
4.309817	18.1669103	18.2212374	22.1986209	22.252948	
4.319965	18.1237649	18.1776042	22.1554755	22.2180414	
4.330123	18.0815817	18.1339709	22.1132923	22.1831348	
4.340273	18.0404128	18.0903377	22.0721233	22.1395016	
4.350602	17.9995662	18.0467045	22.0312768	22.0958683	
4.360762	17.9603762	17.9943446	21.9920868	22.0522351	
4.370883	17.9223039	17.9507114	21.9540145	21.9998752	
4.381016	17.8851761	17.9070781	21.9168867	21.956242	
4.391261	17.8486595	17.8547182	21.8803701	21.9038821	
4.401424	17.8134022	17.811085	21.8451128	21.8515222	
4.411588	17.7791513	17.7674518	21.8108619	21.807889	
4.421738	17.745916	17.7238186	21.7776266	21.7642558	
4.431867	17.713722	17.688912	21.7454326	21.7206225	
4.442122	17.6821389	17.6452787	21.7138495	21.685716	
4.452431	17.6513713	17.6190988	21.6830819	21.6508094	
4.462452	17.6224473	17.5841922	21.6541579	21.6159028	
4.472667	17.5939322	17.5580123	21.6256427	21.5809962	
4.482739	17.5667701	17.5231057	21.5984807	21.5548163	
4.492954	17.5402096	17.5056524	21.5719202	21.537363	
4.503116	17.514747	17.4881991	21.5464576	21.5199097	
4.513295	17.4902087	17.4707458	21.5219193	21.511183	
4.523545	17.4664817	17.4532925	21.4981923	21.5024564	
4.533642	17.4440691	17.4445659	21.4757797	21.4850031	
4.543852	17.4223498	17.4271126	21.4540604	21.4850031	
4.554126	17.4014727	17.4183859	21.4331833	21.4762764	
4.564221	17.3818989	17.4183859	21.4136095	21.4762764	
4.574367	17.3631612	17.4096593	21.3948718	21.4675498	
4.584551	17.3452911	17.4009326	21.3770017	21.4588232	
4.594626	17.3285389	17.4009326	21.3602495	21.4500965	
4.60502	17.3121466	17.3834793	21.3438572	21.4326432	
4.614995	17.2974522	17.3834793	21.3291628	21.4151899	
4.625169	17.2833004	17.3660261	21.315011	21.38901	
4.643201	17.2617113	17.3311195	21.2934218	21.3453768	
4.649716	17.253931	17.3136662	21.2856416	21.3279235	
4.658163	17.2445379	17.2874862	21.2762485	21.3017435	
4.668237	17.2342446	17.2613063	21.2659552	21.2755636	
4.678404	17.2247237	17.2351264	21.2564343	21.2493836	
4.68855	17.2160604	17.2089464	21.2477709	21.2232037	
4.698719	17.2082032	17.1914931	21.2399137	21.2057504	
4.708896	17.2011542	17.1740398	21.2328648	21.1970238	
4.71902	17.1949233	17.1565865	21.2266338	21.1970238	
4.729249	17.1894058	17.1565865	21.2211163	21.1970238	
4.739385	17.1846696	17.1565865	21.2163802	21.1970238	
4.751135	17.1801861	17.1565865	21.2118967	21.2057504	
4.762215	17.1766984	17.1565865	21.2084089	21.2057504	
4.780111	17.1732965	17.1653132	21.205007	21.2232037	
4.784763	17.1723039	17.1740398	21.2040145	21.2232037	
4.816129	17.1715598	17.1914931	21.2032704	21.2232037	
4.823398	17.170966	17.1914931	21.2026765	21.2232037	
