0.0340643	
0.03870621	
0.04916399	
0.05978378	
0.06947158	
0.07965037	
0.09051415	
0.1007209	
0.1124767	
0.1209395	
0.1310883	
0.1412321	
0.1513839	
0.1615127	
0.1717825	
0.1819123	
0.1920021	
0.2021419	
0.2122656	
0.2223854	
0.2325822	
0.242743	
0.2528748	
0.2635726	
0.2737094	
0.2838612	
0.294042	
0.3041778	
0.3143486	
0.3245303	
0.3346721	
0.3448279	
0.3549797	
0.3651085	
0.3753473	
0.3854441	
0.3956159	
0.4057797	
0.4159475	
0.4260443	
0.4362011	
0.4463978	
0.4566186	
0.4667664	
0.4769292	
0.487141	
0.4972608	
0.5073966	
0.5176334	
0.5277412	
0.537865	
0.5480388	
0.5581956	
0.5684033	
0.5787241	
0.5886709	
0.5988597	
0.6089335	
0.6191563	
0.6293621	
0.6394679	
0.6496087	
0.6597415	
0.6699653	
0.6800691	
0.6901799	
0.7004606	
0.7105464	
0.7206972	
0.730819	
0.7409668	
0.7511676	
0.7612864	
0.7714132	
0.781601	
0.7918128	
0.8019396	
0.8120404	
0.8221421	
0.8323209	
0.8424537	
0.8525975	
0.8627683	
0.8729011	
0.8830439	
0.8934537	
0.9034355	
0.9136473	
0.9236681	
0.9338369	
0.9439976	
0.9541494	
0.9643052	
0.974483	
0.9846878	
0.9948486	
1.005218	
1.01543	
1.025459	
1.035688	
1.045823	
1.066835	
1.071305	
1.081373	
1.092179	
1.102656	
1.114088	
1.122621	
1.13276	
1.142915	
1.153067	
1.163247	
1.173434	
1.183499	
1.193684	
1.20385	
1.214046	
1.224138	
1.234363	
1.24452	
1.254624	
1.264817	
1.274975	
1.285153	
1.303551	
1.307968	
1.318119	
1.328245	
1.338455	
1.348619	
1.35873	
1.368853	
1.379012	
1.389181	
1.399402	
1.409499	
1.41969	
1.429792	
1.439916	
1.450133	
1.46024	
1.470473	
1.480674	
1.490717	
1.500843	
1.511039	
1.529209	
1.533744	
1.543842	
1.553987	
1.564148	
1.574303	
1.584518	
1.594644	
1.60478	
1.615007	
1.625337	
1.635273	
1.645419	
1.655579	
1.665706	
1.675923	
1.686057	
1.69636	
1.706361	
1.716515	
1.726697	
1.736835	
1.747002	
1.757135	
1.767363	
1.777464	
1.78762	
1.797812	
1.807936	
1.818089	
1.828193	
1.83841	
1.856506	
1.860878	
1.871055	
1.881177	
1.89132	
1.901454	
1.911627	
1.921839	
1.931931	
1.942102	
1.95223	
1.962377	
1.972485	
1.982666	
1.992836	
2.002984	
2.013139	
2.031185	
2.035616	
2.045825	
2.055945	
2.066077	
2.07625	
2.08638	
2.104511	
2.108845	
2.119614	
2.129443	
2.139791	
2.149881	
2.15998	
2.170134	
2.180262	
2.190549	
2.200709	
2.210739	
2.220839	
2.231017	
2.241172	
2.251446	
2.261467	
2.271606	
2.28183	
2.291943	
2.302091	
2.31221	
2.32232	
2.332483	
2.342694	
2.353073	
2.362979	
2.373149	
2.391258	
2.395635	
2.405857	
2.415972	
2.426077	
2.436236	
2.446425	
2.456634	
2.466768	
2.476916	
2.487114	
2.497189	
2.507379	
2.517547	
2.527721	
2.537864	
2.547983	
2.5582	
2.568343	
2.578505	
2.588675	
2.598826	
2.608971	
2.61911	
2.629377	
2.639449	
2.649559	
2.659724	
2.670078	
2.680055	
2.690124	
2.700321	
2.710488	
2.720992	
2.730763	
2.740903	
2.751062	
2.761202	
2.771356	
2.78154	
2.791668	
2.80189	
2.81199	
2.822125	
2.832255	
2.842382	
2.85254	
2.86271	
2.872902	
2.883062	
2.893254	
2.903438	
2.913636	
2.923664	
2.933832	
2.943994	
2.954147	
2.9643	
2.974472	
2.984689	
2.994788	
3.004943	
3.01515	
3.025213	
3.045422	
3.049835	
3.059972	
3.070164	
3.080263	
3.09121	
3.100579	
3.11078	
3.129997	
3.134432	
3.14455	
3.164518	
3.169026	
3.179166	
3.189375	
3.199523	
3.209614	
3.219788	
3.229936	
3.240077	
3.250215	
3.260346	
3.270522	
3.280715	
3.2908	
3.300961	
3.311123	
3.321251	
3.331406	
3.341565	
3.351771	
3.361891	
3.371994	
3.382208	
3.392307	
3.402629	
3.412593	
3.422689	
3.432907	
3.443061	
3.453245	
3.463475	
3.473468	
3.483669	
3.493867	
3.50399	
3.514152	
3.524302	
3.534454	
3.544905	
3.554954	
3.565114	
3.575325	
3.585421	
3.595587	
3.60573	
3.615967	
3.626032	
3.63624	
3.646403	
3.65657	
3.666715	
3.676918	
3.687032	
3.69723	
3.707346	
3.717557	
3.727747	
3.737861	
3.747997	
3.758157	
3.76835	
3.778478	
3.78863	
3.79879	
3.808958	
3.819139	
3.82939	
3.839535	
3.849595	
3.859747	
3.869925	
3.880058	
3.890196	
3.900334	
3.910519	
3.923006	
3.930771	
3.940912	
3.951058	
3.961215	
3.971363	
3.98152	
3.991675	
4.009761	
4.01418	
4.02427	
4.034472	
4.044615	
4.054824	
4.065026	
4.075136	
4.085356	
4.096243	
4.106344	
4.11647	
4.126659	
4.136924	
4.146988	
4.15713	
4.167382	
4.177507	
4.187571	
4.197818	
4.207946	
4.218083	
4.228196	
4.238426	
4.248583	
4.258713	
4.268869	
4.279056	
4.289171	
4.299355	
4.309746	
4.319716	
4.32981	
4.343714	6.27736223	6.27445866	8.06632472	8.06342114	
4.350194	6.27889265	6.27445866	8.06785514	8.06342114	
4.360269	6.28246852	6.27445866	8.071431	8.07214779	
4.370468	6.28713451	6.28318531	8.07609699	8.07214779	
4.380985	6.293072	6.28318531	8.08203448	8.07214779	
4.390717	6.29946869	6.28318531	8.08843118	8.07214779	
4.400931	6.30725452	6.29191195	8.096217	8.08087444	
4.411009	6.31595055	6.3006386	8.10491303	8.08087444	
4.421134	6.32570674	6.3006386	8.11466923	8.08960108	
4.43135	6.33660688	6.30936525	8.12556937	8.09832773	
4.442608	6.34994943	6.31809189	8.13891191	8.09832773	
4.451769	6.36153299	6.32681854	8.15049548	8.10705438	
4.461886	6.37540587	6.34427183	8.16436836	8.11578102	
4.471998	6.39029072	6.35299848	8.1792532	8.13323431	
4.48212	6.40621819	6.37045177	8.19518067	8.14196096	
4.492553	6.42375242	6.37917842	8.2127149	8.15068761	
4.502467	6.44135204	6.38790506	8.23031453	8.1681409	
4.512636	6.46046686	6.40535835	8.24942934	8.18559419	
4.522764	6.48052253	6.42281165	8.26948501	8.20304748	
4.532896	6.50168438	6.43153829	8.29064686	8.22050078	
4.544258	6.52665209	6.45771823	8.31561457	8.23795407	
4.561272	6.56746986	6.49262482	8.35643235	8.27286065	
4.565833	6.57831242	6.49262482	8.36727491	8.2815873	
4.57604	6.60397937	6.5275314	8.39294185	8.30776724	
4.58612	6.6303046	6.54498469	8.41926708	8.33394718	
4.596337	6.658066	6.57989128	8.44702848	8.36012712	
4.60649	6.68667284	6.60607122	8.47563532	8.3950337	
4.616661	6.71637195	6.63225116	8.50533443	8.42121364	
4.626775	6.74692193	6.66715774	8.53588441	8.45612023	
4.636924	6.77871113	6.70206433	8.56767362	8.49102681	
4.648831	6.81731414	6.74569756	8.60627662	8.53466004	
4.657403	6.84575315	6.78060414	8.63471564	8.56956663	
4.667522	6.88042797	6.82423738	8.66939045	8.61319986	
4.677735	6.91649433	6.86787061	8.70545681	8.65683309	
4.687856	6.95321837	6.91150384	8.74218085	8.70046632	
4.698188	6.99183996	6.94641042	8.78080244	8.74409955	
4.708194	7.03019021	6.9987703	8.81915269	8.78773278	
4.718398	7.07035845	7.03367689	8.85932094	8.83136602	
4.728528	7.11125758	7.08603676	8.90022006	8.88372589	
4.73863	7.15306254	7.12094335	8.94202502	8.91863248	
4.750527	7.20387171	7.17330323	8.9928342	8.97099236	
4.759404	7.2423793	7.20820981	9.03134178	9.00589894	
4.769192	7.28584716	7.25184304	9.07480965	9.04953217	
4.779376	7.33214964	7.29547627	9.12111212	9.0931654	
4.789749	7.38041644	7.33038286	9.16937892	9.13679863	
4.799847	7.42837642	7.37401609	9.2173389	9.18043187	
4.809848	7.47687032	7.41764932	9.2658328	9.21533845	
4.819984	7.52706795	7.46128255	9.31603043	9.25897168	
4.830124	7.57832419	7.51364243	9.36728668	9.30260491	
4.840244	7.63050821	7.56600231	9.41947069	9.34623814	
4.85206	7.6929595	7.62708883	9.48192199	9.39859802	
4.860666	7.73897795	7.67072206	9.52794044	9.44223125	
4.87078	7.79419802	7.72308194	9.5831605	9.49459113	
4.880992	7.85098941	7.78416846	9.63995189	9.54695101	
4.89126	7.909178	7.83652834	9.69814048	9.59931089	
4.901241	7.9666991	7.88888822	9.75566158	9.66039741	
4.911486	8.02682875	7.95870139	9.81579123	9.72148393	
4.921563	8.08698609	8.01978791	9.87594857	9.78257046	
4.931753	8.14880653	8.08087444	9.93776902	9.85238363	
4.950898	8.26958605	8.20304748	10.0585485	9.98328332	
4.955519	8.29857536	8.23795407	10.0875378	10.0181899	
4.965707	8.36390588	8.30776724	10.1528684	10.0880031	
4.975928	8.43044179	8.37758041	10.2194043	10.1665429	
4.986026	8.49720967	8.45612023	10.2861722	10.2363561	
4.996155	8.56520987	8.5259334	10.3541724	10.3148959	
5.006413	8.63516275	8.59574657	10.4241252	10.384709	
5.016521	8.70506535	8.66555974	10.4940278	10.4545222	
5.026652	8.77616833	8.73537291	10.5651308	10.533062	
5.047042	8.9245206	8.88372589	10.7134831	10.681415	
5.052433	8.96368864	8.91863248	10.7526511	10.7163216	
5.070193	9.09672091	9.04953217	10.8856834	10.8384947	
5.074793	9.13104341	9.08443876	10.9200059	10.8734012	
5.084961	9.20863095	9.16297857	10.9975934	10.9432144	
5.095997	9.29357958	9.24151839	11.0825421	11.0217542	
5.107447	9.38325943	9.32878485	11.1722219	11.1090207	
5.117546	9.46329113	9.40732467	11.2522536	11.1875605	
5.127758	9.54530739	9.48586448	11.3342699	11.2573737	
5.137894	9.62767908	9.5644043	11.4166416	11.3359135	
5.148002	9.71090925	9.65167076	11.4998717	11.4144533	
5.158299	9.79679126	9.73893723	11.5857537	11.5017198	
5.168434	9.88229121	9.81747704	11.6712537	11.5889862	
5.178638	9.96941784	9.90474351	11.7583803	11.6762527	
5.188702	10.0563282	9.99200997	11.8452907	11.7722458	
5.199024	10.1466077	10.0880031	11.9355701	11.8682389	
5.209282	10.2373591	10.1752695	12.0263216	11.9555054	
5.21941	10.3279345	10.2712626	12.116897	12.0602251	
5.229541	10.4196452	10.3672558	12.2086077	12.1562182	
5.239806	10.5135556	10.4632489	12.3025181	12.2522113	
5.249841	10.6064594	10.559242	12.3954219	12.3482045	
5.26049	10.7061639	10.6552351	12.4951264	12.4529242	
5.270416	10.7999358	10.7512282	12.5888983	12.5489173	
5.280703	10.8983126	10.8559479	12.6872751	12.6536371	
5.290663	10.994461	10.9519411	12.7834235	12.7409035	
5.301068	11.0961014	11.0479342	12.8850639	12.8456233	
5.310956	11.1935764	11.1439273	12.9825388	12.9416164	
5.321169	11.295305	11.2399204	13.0842675	13.0376095	
5.331288	11.3971665	11.3446401	13.1861289	13.1423293	
5.341429	11.5002997	11.4493599	13.2892622	13.2383224	
5.351679	11.6055875	11.545353	13.39455	13.3430421	
5.369972	11.7975919	11.7286126	13.5865544	13.5263017	
5.374633	11.8463263	11.7809725	13.6352888	13.5786616	
5.384884	11.955072	11.8856922	13.7440345	13.6833813	
5.394902	12.0621995	11.990412	13.851162	13.7881011	
5.40512	12.1726624	12.0951317	13.9616249	13.8928208	
5.415278	12.2833634	12.2085781	14.0723259	13.9975406	
5.425365	12.3943807	12.3220245	14.1833432	14.110987	
5.435539	12.5074063	12.4267443	14.2963687	14.2157068	
5.445672	12.6210127	12.5401907	14.4099751	14.3291532	
5.455915	12.7368959	12.6623637	14.5258583	14.4425996	
5.466081	12.8529146	12.7758101	14.6418771	14.556046	
5.476265	12.9702467	12.8979832	14.7592092	14.678219	
5.486445	13.0884169	13.0201562	14.8773794	14.7916654	
5.49655	13.2068976	13.1423293	14.9958601	14.9138385	
5.506736	13.3272627	13.2645023	15.1162252	15.0360115	
5.516903	13.4488941	13.3866754	15.2378566	15.1669112	
5.52708	13.5708357	13.5088484	15.3597982	15.2890842	
5.537261	13.6943093	13.6397481	15.4832718	15.4199839	
5.547366	13.8178296	13.7619212	15.6067921	15.5508836	
5.557559	13.9435062	13.8928208	15.7324687	15.6730567	
5.568168	14.0754971	14.0237205	15.8644595	15.812683	
5.577949	14.1979678	14.1458936	15.9869303	15.9348561	
5.588073	14.3258541	14.2767933	16.1148165	16.0657558	
5.598314	14.4563761	14.407693	16.2453386	16.1966555	
5.608365	14.5853244	14.5385927	16.3742869	16.3188285	
5.618604	14.7177952	14.6694924	16.5067577	16.4497282	
5.628697	14.8494144	14.8003921	16.6383769	16.5806279	
5.638925	14.9838339	14.9312918	16.7727964	16.7115276	
5.649145	15.1192057	15.0621914	16.9081681	16.8424273	
5.659168	15.2529632	15.2018178	17.0419257	16.9820536	
5.669493	15.3919004	15.3327175	17.1808629	17.1129533	
5.679722	15.5303974	15.4636172	17.3193599	17.243853	
5.689695	15.6665023	15.6032435	17.4554648	17.3747527	
5.700225	15.8114449	15.7428699	17.6004074	17.5231057	
5.710019	15.9470748	15.8737695	17.7360373	17.6452787	
5.720213	16.0892901	16.0221225	17.8782526	17.7849051	
5.730338	16.2315921	16.1617489	18.0205546	17.9245314	
5.740507	16.3755629	16.3013752	18.1645254	18.0728844	
5.750669	16.5205101	16.4410016	18.3094726	18.2212374	
5.761217	16.6720371	16.5806279	18.4609995	18.3695904	
5.771021	16.8137996	16.7377075	18.602762	18.5179434	
5.781184	16.9619223	16.8860605	18.7508847	18.675023	
5.791326	17.1105902	17.0344135	18.8995527	18.823376	
5.801477	17.2605394	17.1827665	19.0495019	18.971729	
5.811628	17.4114295	17.3398461	19.200392	19.1288086	
5.821812	17.5638788	17.4881991	19.3528412	19.2858882	
5.832061	17.7184003	17.6452787	19.5073628	19.4429679	
5.842074	17.8702637	17.7936317	19.6592262	19.5913209	
5.852202	18.0249645	17.9419847	19.813927	19.7484005	
5.862704	18.1865782	18.107791	19.9755407	19.9142068	
5.872618	18.3400241	18.2648706	20.1289866	20.0625598	
5.882766	18.4980863	18.4219503	20.2870488	20.2196394	
5.892898	18.656956	18.5790299	20.4459185	20.376719	
5.903055	18.8173302	18.7448362	20.6062927	20.5337986	
5.921674	19.1155188	19.0415421	20.9044812	20.821778	
5.926326	19.189801	19.1113553	20.9787634	20.9003178	
5.936408	19.351081	19.2684349	21.1400434	21.0573974	
5.946587	19.513945	19.4429679	21.3029074	21.2232037	
5.956712	19.675913	19.6000475	21.4648754	21.38901	
5.968548	19.865481	19.7745804	21.6544434	21.5548163	
5.985204	20.131945	20.0712864	21.9209074	21.8515222	
5.989861	20.206361	20.1498262	21.9953234	21.9300621	
6.000043	20.369209	20.3156325	22.1581714	22.104595	
6.010116	20.530489	20.4901654	22.3194514	22.2704013	
6.020326	20.693769	20.6559717	22.4827314	22.4362075	
6.03059	20.858025	20.821778	22.6469874	22.6020138	
6.04061	21.018313	20.9963109	22.8072754	22.7678201	
6.050749	21.180473	21.1533905	22.9694354	22.9336264	
6.061148	21.346953	21.3279235	23.1359154	23.0994327	
6.071864	21.518489	21.5024564	23.3074514	23.2739656	
6.081324	21.669801	21.659536	23.4587634	23.4223186	
6.091426	21.831369	21.8166156	23.6203314	23.5793982	
6.101631	21.994681	21.9824219	23.7836434	23.7539311	
6.120234	22.292361	22.2791279	24.0813234	24.0419104	
6.126318	22.389753	22.3576677	24.1787154	24.1204503	
6.135051	22.529369	22.5147474	24.3183314	24.2775299	
6.145273	22.692905	22.671827	24.4818674	24.4346095	
6.155319	22.853609	22.8289066	24.6425714	24.6004158	
6.165544	23.017257	22.9947129	24.8062194	24.7574954	
6.175827	23.181897	23.1517925	24.9708594	24.9233017	
6.185893	23.342857	23.3088722	25.1318194	25.0803814	
6.196071	23.505689	23.4659518	25.2946514	25.2461876	
6.206298	23.669305	23.6317581	25.4582674	25.4032673	
6.216373	23.830489	23.7801111	25.6194514	25.5690735	
6.226521	23.992889	23.9459173	25.7818514	25.7261532	
6.236719	24.156089	24.0942703	25.9450514	25.8832328	
6.246939	24.319545	24.2600766	26.1085074	26.0490391	
6.257169	24.483241	24.4171562	26.2722034	26.2148454	
6.267209	24.643913	24.5742359	26.4328754	26.371925	
6.277474	24.808249	24.7400421	26.5972114	26.5377313	
6.288042	24.977225	24.9058484	26.7661874	26.7035376	
6.298086	25.137913	25.0629281	26.9268754	26.8606172	
6.308248	25.300553	25.237461	27.0895154	27.0351501	
6.318433	25.463449	25.3945406	27.2524114	27.1922297	
6.328649	25.626969	25.5603469	27.4159314	27.3493094	
6.338735	25.788361	25.7261532	27.5773234	27.5238423	
6.348931	25.951417	25.8919595	27.7403794	27.6809219	
6.359092	26.113977	26.0577657	27.9029394	27.8467282	
6.369641	26.284489	26.2322987	28.0734514	28.0125345	
6.379534	26.441145	26.3893783	28.2301074	28.1783408	
6.389702	26.603833	26.5639112	28.3927954	28.3441471	
6.39988	26.766681	26.7297175	28.5556434	28.5012267	
6.40998	26.928185	26.8955238	28.7171474	28.667033	
6.420086	27.089977	27.0613301	28.8789394	28.8328392	
6.430582	27.257913	27.2271363	29.0468754	28.9899189	
6.440428	27.415401	27.3929426	29.2043634	29.1557252	
6.45059	27.577977	27.5587489	29.3669394	29.3128048	
6.460696	27.739657	27.7158285	29.5286194	29.4786111	
6.47119	27.907593	27.8816348	29.6965554	29.6356907	
6.489227	28.197257	28.1696141	29.9862194	29.9323967	
6.493935	28.271513	28.2481539	30.0604754	30.0022098	
6.504121	28.434489	28.4052336	30.2234514	30.1680161	
6.514229	28.596185	28.5623132	30.3851474	30.3338224	
6.524438	28.759545	28.7281195	30.5485074	30.490902	
6.534657	28.923129	28.8851991	30.7120914	30.6567083	
6.544771	29.084937	29.0422788	30.8738994	30.8225146	
6.554949	29.247721	29.1993584	31.0366834	30.9795942	
6.565091	29.410009	29.356438	31.1989714	31.1454005	
6.575232	29.572297	29.5222443	31.3612594	31.3112068	
6.585479	29.736249	29.6793239	31.5252114	31.4682864	
6.595663	29.899193	29.8451302	31.6881554	31.6340927	
6.605782	30.061097	30.0022098	31.8500594	31.7911723	
6.615969	30.224089	30.1680161	32.0130514	31.9569786	
6.62608	30.385849	30.3338224	32.1748114	32.1140582	
6.636486	30.552409	30.490902	32.3413714	32.2798645	
6.646487	30.712345	30.6567083	32.5013074	32.4456708	
6.656589	30.873961	30.8225146	32.6629234	32.6027504	
6.666731	31.036249	30.9795942	32.8252114	32.7685567	
6.678584	31.226057	31.1454005	33.0150194	32.934363	
6.687118	31.362553	31.3112068	33.1515154	33.1001693	
6.697467	31.528041	31.4770131	33.3170034	33.2659755	
6.707459	31.687897	31.6340927	33.4768594	33.4230552	
6.717579	31.849785	31.799899	33.6387474	33.5888615	
6.727884	32.014681	31.9657053	33.8036434	33.7546677	
6.737918	32.175209	32.1315115	33.9641714	33.9117474	
6.748115	32.338409	32.2885912	34.1273714	34.0862803	
6.758285	32.501145	32.4631241	34.2901074	34.2433599	
6.768405	32.663049	32.6202037	34.4520114	34.4091662	
6.780221	32.852249	32.78601	34.6412114	34.5749725	
6.788793	32.989353	32.9518163	34.7783154	34.7320521	
6.798943	33.151641	33.1176226	34.9406034	34.8891317	
6.809136	33.314745	33.2834288	35.1037074	35.054938	
6.819298	33.477385	33.4405085	35.2663474	35.2207443	
6.829709	33.645193	33.6063147	35.4341554	35.3778239	
6.839606	33.802233	33.772121	35.5911954	35.5436302	
6.849761	33.964729	33.9292007	35.7536914	35.7007098	
6.8599	34.126953	34.0950069	35.9159154	35.8577895	
6.870046	34.289337	34.2608132	36.0782994	36.0235958	
6.88017	34.451385	34.4178928	36.2403474	36.1806754	
6.890725	34.620217	34.5836991	36.4091794	36.3464817	
6.900544	34.777289	34.7407788	36.5662514	36.5035613	
6.910709	34.942905	34.906585	36.7318674	36.6693676	
6.920852	35.102137	35.0636647	36.8910994	36.8264472	
6.931206	35.267881	35.2207443	37.0568434	36.9922535	
6.941182	35.428041	35.3865506	37.2170034	37.1580598	
6.951332	35.589897	35.5436302	37.3788594	37.3151394	
6.961487	35.752345	35.7094365	37.5413074	37.4809457	
6.971614	35.914345	35.8665161	37.7033074	37.646752	
6.990613	36.218505	36.1632221	38.0074674	37.9521846	
6.995279	36.293001	36.2417619	38.0819634	38.0307244	
7.005478	36.456217	36.4075682	38.2451794	38.1965307	
7.015654	36.618985	36.5646478	38.4079474	38.362337	
7.025746	36.780441	36.7217275	38.5694034	38.5194166	
7.048565	37.145705	37.0882466	38.9346674	38.8859357	
7.053373	37.222585	37.1667864	39.0115474	38.9644756	
7.063451	37.383801	37.3238661	39.1727634	39.1302818	
7.073531	37.545017	37.4896723	39.3339794	39.2873615	
7.085074	37.730505	37.6554786	39.5194674	39.4444411	
7.094036	37.873129	37.8212849	39.6620914	39.618974	
7.104174	38.035337	37.9783645	39.8242994	39.7760537	
7.1143	38.197353	38.1528974	39.9863154	39.9331333	
7.124434	38.359449	38.3099771	40.1484114	40.0989396	
7.134654	38.523033	38.4757834	40.3119954	40.2560192	
7.144801	38.685353	38.6415896	40.4743154	40.4218255	
7.154975	38.848153	38.8073959	40.6371154	40.5789051	
7.165202	39.012361	38.9732022	40.8013234	40.7447114	
7.17552	39.176905	39.1390085	40.9658674	40.9105177	
7.186713	39.356121	39.2960881	41.1450834	41.0675973	
7.195798	39.501321	39.4618944	41.2902834	41.2334036	
7.20595	39.663833	39.6277007	41.4527954	41.3992099	
7.21616	39.827113	39.7935069	41.6160754	41.5562895	
7.226228	39.988201	39.9505866	41.7771634	41.7220958	
7.236437	40.151529	40.1076662	41.9404914	41.8791754	
7.246592	40.314041	40.2821991	42.1030034	42.0449817	
7.256764	40.476809	40.4392788	42.2657714	42.210788	
7.266941	40.639609	40.5963584	42.4285714	42.3678676	
7.277072	40.801673	40.7621647	42.5906354	42.5336739	
7.288307	40.981641	40.9192443	42.7706034	42.6907535	
7.29746	41.127977	41.0850506	42.9169394	42.8565598	
7.315833	41.422009	41.3817566	43.2109714	43.1532658	
7.320508	41.496649	41.4515697	43.2856114	43.2318056	
7.330689	41.659561	41.617376	43.4485234	43.3976119	
7.340751	41.820553	41.7831823	43.6095154	43.5634181	
7.35122	41.988169	41.9402619	43.7771314	43.7204978	
7.361075	42.145753	42.1060682	43.9347154	43.8950307	
7.371229	42.308233	42.2718745	44.0971954	44.0521103	
7.381404	42.471001	42.4289541	44.2599634	44.2179166	
7.393888	42.670905	42.6209403	44.4598674	44.4186295	
7.40171	42.795961	42.75184	44.5849234	44.5408025	
7.41977	43.084889	43.0398194	44.8738514	44.8287818	
7.424369	43.158537	43.1096325	44.9474994	44.9073217	
7.434518	43.320857	43.2754388	45.1098194	45.0644013	
7.444683	43.481934	43.4412451	45.2708965	45.2302076	
7.454902	43.6429265	43.5983247	45.4318889	45.3960138	
7.465061	43.8018171	43.764131	45.5907796	45.5530935	
7.483273	44.0828744	44.0521103	45.8718369	45.8410728	
7.487966	44.1552985	44.1306501	45.944261	45.910886	
7.498154	44.3114804	44.2877298	46.1004429	46.0679656	
7.508305	44.465958	44.4448094	46.2549204	46.2250452	
7.518493	44.6199873	44.6106157	46.4089498	46.3908515	
7.528627	44.772204	44.7589687	46.5611665	46.5392045	
7.538715	44.9226979	44.9247749	46.7116603	46.6962841	
7.548947	45.0743293	45.0731279	46.8632918	46.8533638	
7.559115	45.2240533	45.2302076	47.0130158	47.0104434	
7.577236	45.4868002	45.5007336	47.2757627	47.2809694	
7.581976	45.555656	45.5705468	47.3446185	47.3507826	
7.593955	45.7278376	45.7276264	47.5168001	47.5078622	
7.602253	45.846451	45.8672527	47.6354134	47.6474886	
7.612358	45.9897992	46.0068791	47.7787617	47.7871149	
7.622489	46.1326016	46.1465054	47.9215641	47.9267413	
7.632635	46.2746269	46.2948584	48.0635894	48.0663676	
7.64283	46.4162824	46.4344847	48.2052449	48.2059939	
7.652968	46.5560534	46.5653844	48.3450159	48.3456203	
7.663127	46.6952047	46.7050108	48.4841672	48.4852466	
7.681635	46.9445943	46.9493569	48.7335568	48.7208661	
7.686299	47.0073998	47.0104434	48.7963623	48.7819526	
7.697087	47.1516242	47.1413431	48.9405867	48.9215789	
7.706634	47.2782098	47.2722428	49.0671723	49.0524786	
7.717089	47.415798	47.4031425	49.2047604	49.1833783	
7.72697	47.5448725	47.5340422	49.333835	49.314278	
7.737074	47.6758316	47.6649419	49.4647941	49.4451777	
7.747311	47.8075531	47.7958416	49.5965156	49.5760774	
7.757414	47.9365392	47.9267413	49.7255016	49.7069771	
7.767598	48.0654584	48.057641	49.8544209	49.8291501	
7.777766	48.1932208	48.179814	49.9821833	49.9600498	
7.787892	48.3194728	48.3107137	50.1084352	50.0909495	
7.798869	48.4550992	48.4328867	50.2440617	50.2218492	
7.808281	48.570522	48.5550598	50.3594845	50.3527489	
7.818419	48.6937919	48.6859595	50.4827544	50.474922	
7.828506	48.8154675	48.8081325	50.60443	50.597095	
7.83871	48.937584	48.9303056	50.7265465	50.7279947	
7.848886	49.0583009	49.043752	50.8472634	50.8414411	
7.859081	49.1781971	49.1746517	50.9671596	50.9723408	
7.869285	49.2976129	49.2880981	51.0865754	51.0857872	
7.879419	49.4144687	49.4102711	51.2034311	51.2079603	
7.889797	49.5334879	49.5324442	51.3224504	51.3301333	
7.901267	49.6635765	49.6458906	51.452539	51.4435797	
7.909886	49.7606291	49.759337	51.5495916	51.5570261	
7.920191	49.8756806	49.8727834	51.6646431	51.6704725	
7.930226	49.9867201	49.9862298	51.7756826	51.7839189	
7.940758	50.1021761	50.0996762	51.8911386	51.8886387	
7.950607	50.2091624	50.2131226	51.9981249	52.0020851	
7.960743	50.3182448	50.3178423	52.1072073	52.1068048	
7.970872	50.4262455	50.4225621	52.215208	52.2115246	
7.981004	50.5333127	50.5272818	52.3222752	52.3162443	
7.991244	50.6405482	50.6320016	52.4295106	52.4209641	
8.002981	50.7619492	50.7367214	52.5509117	52.5256838	
8.011578	50.8502109	50.8414411	52.6391734	52.6216769	
8.021674	50.9528903	50.9461609	52.7418528	52.7263967	
8.032028	51.0570881	51.0508806	52.8460506	52.8311165	
8.042454	51.1609511	51.1556004	52.9499136	52.9358362	
8.052174	51.2568788	51.2515935	53.0458413	53.040556	
8.062301	51.3558082	51.3475866	53.1447707	53.1365491	
8.07245	51.453942	51.4435797	53.2429045	53.2325422	
8.082575	51.5508407	51.5395728	53.3398032	53.3372619	
8.092783	51.6475183	51.6442926	53.4364807	53.433255	
8.104515	51.7572106	51.731559	53.546173	53.5292482	
8.113089	51.8367412	51.8362788	53.6257037	53.6165146	
8.132666	52.0136171	52.0108117	53.8025795	53.7910475	
8.145259	52.1262387	52.1329848	53.9152012	53.9132206	
8.149866	52.1674278	52.176618	53.9563903	53.9481272	
8.160142	52.2579206	52.2638845	54.0468831	54.0353936	
8.170217	52.3457043	52.3598776	54.1346668	54.1226601	
8.180473	52.4340791	52.447144	54.2230416	54.2186532	
8.190573	52.5200704	52.5344105	54.3090329	54.297193	
8.201001	52.6077427	52.6129503	54.3967051	54.3844595	
8.210909	52.6901581	52.7002168	54.4791206	54.471726	
8.220993	52.7729712	52.7787566	54.5619337	54.5589924	
8.231217	52.8560207	52.8572964	54.6449831	54.6375322	
8.241421	52.9378051	52.9358362	54.7267676	54.7160721	
8.251523	53.0178134	53.014376	54.8067759	54.8033385	
8.261662	53.0970877	53.0929158	54.8860502	54.8818783	
8.279825	53.2352391	53.2238155	55.0242016	55.012778	
8.284899	53.2738654	53.2674488	55.0628279	55.0564113	
8.295013	53.3496686	53.3372619	55.138631	55.1262244	
8.306351	53.433422	53.4070751	55.2223845	55.2047642	
8.315433	53.4996659	53.4856149	55.2886284	55.2745774	
8.325551	53.5725008	53.5641547	55.3614633	55.3443906	
8.335705	53.6445981	53.6339679	55.4335605	55.4142038	
8.345819	53.7153919	53.7037811	55.5043543	55.4927436	
8.356045	53.7859696	53.7823209	55.5749321	55.5625567	
8.366158	53.8547736	53.8521341	55.643736	55.6323699	
8.376353	53.9231558	53.9219472	55.7121183	55.7021831	
8.3865	53.9901805	53.9917604	55.779143	55.7719962	
8.396629	54.0560928	54.0615736	55.8450553	55.8418094	
8.408009	54.1288924	54.1313868	55.9178549	55.9028959	
8.417031	54.1858524	54.2011999	55.9748149	55.9727091	
8.427094	54.2483755	54.2622864	56.037338	56.0425223	
8.437297	54.3107425	54.323373	56.099705	56.1036088	
8.447398	54.3715106	54.3844595	56.1604731	56.1646953	
8.457658	54.4322336	54.445546	56.221196	56.2345085	
8.467763	54.491043	54.4979059	56.2800055	56.2868684	
8.477936	54.5492626	54.5589924	56.3382251	56.3479549	
8.488101	54.6064394	54.6113523	56.3954019	56.4003148	
8.4982	54.6622266	54.6637122	56.4511891	56.4614013	
8.509779	54.7249141	54.7160721	56.5138766	56.5137612	
8.518638	54.7721362	54.7684319	56.5610987	56.5573944	
8.528757	54.8250719	54.8120652	56.6140344	56.6097543	
8.538897	54.8771329	54.864425	56.6660954	56.6533875	
8.549704	54.9318613	54.9080583	56.7208238	56.7057474	
8.559498	54.9798469	54.9604181	56.7688094	56.7493806	
8.569633	55.028891	55.012778	56.8178535	56.8017405	
8.579805	55.0771252	55.0564113	56.8660877	56.8453737	
8.589934	55.1241747	55.1000445	56.9131372	56.889007	
8.600106	55.1704534	55.1436777	56.9594159	56.9326402	
8.611427	55.2206596	55.1873109	57.0096221	56.9762734	
8.620488	55.2601338	55.2396708	57.0490963	57.0199067	
8.630843	55.3041603	55.2833041	57.0931228	57.0722665	
8.640755	55.3453957	55.3269373	57.1343582	57.1158998	
8.650907	55.3866248	55.3705705	57.1755873	57.159533	
8.661248	55.4277715	55.4142038	57.216734	57.1944396	
8.671205	55.4661554	55.457837	57.2551179	57.2467995	
8.681463	55.5048586	55.5014702	57.2938211	57.2817061	
8.691502	55.54178	55.5363768	57.3307425	57.3253393	
8.70982	55.6052644	55.60619	57.3942269	57.3951525	
8.716298	55.6276969	55.6236433	57.4166594	57.4213324	
8.724675	55.6559312	55.6585498	57.4448937	57.4475123	
8.734886	55.6892858	55.6934564	57.4782483	57.4824189	
8.745041	55.721496	55.7196364	57.5104585	57.5173255	
8.755117	55.7525232	55.754543	57.5414857	57.5522321	
8.765367	55.7830947	55.7807229	57.5720572	57.578412	
8.775507	55.8123808	55.8069028	57.6013432	57.6133186	
8.785728	55.8409105	55.8330828	57.629873	57.6307719	
8.795827	55.8681712	55.8592627	57.6571337	57.6656785	
8.805945	55.8945331	55.8854426	57.6834956	57.6831318	
8.817686	55.9237742	55.9116226	57.7127367	57.7093117	
8.826318	55.944691	55.9203492	57.7336535	57.7180384	
8.836518	55.9683877	55.9465292	57.7573502	57.7354917	
8.846688	55.9910559	55.9727091	57.7800184	57.7529449	
8.856771	56.0126248	55.9901624	57.8015873	57.7703982	
8.866981	56.0334953	56.0076157	57.8224578	57.7878515	
8.877133	56.0533224	56.025069	57.8422849	57.7965782	
8.887317	56.0722719	56.0425223	57.8612344	57.8140315	
8.897537	56.0903614	56.0599756	57.8793239	57.8227581	
8.907623	56.1073017	56.0774289	57.8962642	57.8402114	
8.921277	56.128384	56.0948822	57.9173465	57.8576647	
8.928081	56.1386653	56.1036088	57.9276278	57.8663913	
8.938144	56.15287	56.1210621	57.9418325	57.8838446	
8.948265	56.1662562	56.1297887	57.9552187	57.8925713	
8.958391	56.1787753	56.147242	57.9677378	57.9187512	
8.968619	56.1905193	56.1559687	57.9794818	57.9362045	
8.978764	56.2013061	56.1646953	57.9902686	57.9536578	
8.988895	56.2112279	56.173422	58.0001904	57.9711111	
8.99918	56.2204252	56.1821486	58.0093877	57.9885644	
9.009666	56.2289646	56.1908753	58.017927	57.997291	
9.020931	56.2369895	56.1996019	58.025952	58.0060177	
9.029944	56.2430759	56.1996019	58.0320384	58.0147443	
9.040295	56.2488604	56.2083286	58.0378229	58.023471	
9.050469	56.253959	56.2170552	58.0429215	58.023471	
9.060961	56.2584437	56.2170552	58.0474062	58.023471	
9.070789	56.2620316	56.2257819	58.0509941	58.023471	
9.080912	56.2650829	56.2345085	58.0540454	58.023471	
9.091044	56.2675489	56.2345085	58.0565114	58.023471	
9.102027	56.2695744	56.2345085	58.0585368	58.023471	
9.111342	56.2744587	56.2345085	58.0634211	58.023471	
9.122767	56.2744587	56.2345085	58.0634211	58.023471	
9.133232	56.2744587	56.2345085	58.0634211	58.023471	
9.142155	56.2744587	56.2345085	58.0634211	58.023471	
9.152157	56.2744587	56.2345085	58.0634211	58.023471	
9.162182	56.2744587	56.2345085	58.0634211	58.023471	
9.172638	56.2744587	56.2345085	58.0634211	58.023471	
9.182543	56.2744587	56.2345085	58.0634211	58.023471	
9.192674	56.2744587	56.2345085	58.0634211	58.023471	
9.202802	56.2744587	56.2345085	58.0634211	58.023471	
9.212937	56.2744587	56.2345085	58.0634211	58.023471	
9.224811	56.2744587	56.2345085	58.0634211	58.023471	
9.24152	56.2744587	56.2345085	58.0634211	58.023471	
9.246149	56.2744587	56.2345085	58.0634211	58.023471	
9.256368	56.2744587	56.2345085	58.0634211	58.023471	
9.266434	56.2744587	56.2345085	58.0634211	58.023471	
9.276656	56.2744587	56.2345085	58.0634211	58.023471	
9.286888	56.2744587	56.2345085	58.0634211	58.023471	
9.296986	56.2744587	56.2345085	58.0634211	58.023471	
9.307118	56.2744587	56.2345085	58.0634211	58.023471	
9.317245	56.2744587	56.2345085	58.0634211	58.023471	
9.327699	56.2744587	56.2345085	58.0634211	58.023471	
9.337689	56.2744587	56.2345085	58.0634211	58.023471	
9.347859	56.2744587	56.2345085	58.0634211	58.023471	
9.358038	56.2744587	56.2345085	58.0634211	58.023471	
9.368191	56.2744587	56.2345085	58.0634211	58.023471	
9.378384	56.2744587	56.2345085	58.0634211	58.023471	
9.38852	56.2744587	56.2345085	58.0634211	58.023471	
9.398746	56.2744587	56.2345085	58.0634211	58.023471	
9.408829	56.2744587	56.2345085	58.0634211	58.023471	
9.418939	56.2744587	56.2345085	58.0634211	58.023471	
9.429169	56.2744587	56.2345085	58.0634211	58.023471	
9.439334	56.2744587	56.2345085	58.0634211	58.023471	
9.449624	56.2744587	56.2345085	58.0634211	58.023471	
9.459717	56.2744587	56.2345085	58.0634211	58.023471	
9.46984	56.2744587	56.2345085	58.0634211	58.023471	
9.480094	56.2744587	56.2345085	58.0634211	58.023471	
9.49016	56.2744587	56.2345085	58.0634211	58.023471	
9.500306	56.2744587	56.2345085	58.0634211	58.023471	
9.510511	56.2744587	56.2345085	58.0634211	58.023471	
9.520957	56.2744587	56.2345085	58.0634211	58.023471	
9.531191	56.2744587	56.2345085	58.0634211	58.023471	
9.540973	56.2744587	56.2345085	58.0634211	58.023471	
9.551134	56.2744587	56.2345085	58.0634211	58.023471	
9.561279	56.2744587	56.2345085	58.0634211	58.023471	
9.571452	56.2744587	56.2345085	58.0634211	58.023471	
9.581599	56.2744587	56.2345085	58.0634211	58.023471	
9.591775	56.2744587	56.2345085	58.0634211	58.023471	
9.601952	56.2744587	56.2345085	58.0634211	58.023471	
9.612055	56.2744587	56.2345085	58.0634211	58.023471	
9.62254	56.2744587	56.2345085	58.0634211	58.023471	
9.632468	56.2744587	56.2345085	58.0634211	58.023471	
9.642586	56.2744587	56.2345085	58.0634211	58.023471	
9.652713	56.2744587	56.2345085	58.0634211	58.023471	
9.662863	56.2744587	56.2345085	58.0634211	58.023471	
9.673048	56.2744587	56.2345085	58.0634211	58.023471	
9.683222	56.2744587	56.2345085	58.0634211	58.023471	
9.701365	56.2744587	56.2345085	58.0634211	58.023471	
9.706099	56.2744587	56.2345085	58.0634211	58.023471	
9.716203	56.2744587	56.2345085	58.0634211	58.023471	
9.726435	56.2744587	56.2345085	58.0634211	58.023471	
9.736962	56.2744587	56.2345085	58.0634211	58.023471	
9.746793	56.2744587	56.2345085	58.0634211	58.023471	
9.756928	56.2744587	56.2345085	58.0634211	58.023471	
9.767105	56.2744587	56.2345085	58.0634211	58.023471	
9.777254	56.2744587	56.2345085	58.0634211	58.023471	
9.787569	56.2744587	56.2345085	58.0634211	58.023471	
9.797608	56.2744587	56.2345085	58.0634211	58.023471	
9.807751	56.2744587	56.2345085	58.0634211	58.023471	
9.817913	56.2744587	56.2345085	58.0634211	58.023471	
9.828015	56.2744587	56.2345085	58.0634211	58.023471	
9.838289	56.2744587	56.2345085	58.0634211	58.023471	
9.848494	56.2744587	56.2345085	58.0634211	58.023471	
9.858581	56.2744587	56.2345085	58.0634211	58.023471	
9.868792	56.2744587	56.2345085	58.0634211	58.023471	
9.878894	56.2744587	56.2345085	58.0634211	58.023471	
9.889341	56.2744587	56.2345085	58.0634211	58.023471	
9.899473	56.2744587	56.2345085	58.0634211	58.023471	
9.909641	56.2744587	56.2345085	58.0634211	58.023471	
9.919796	56.2744587	56.2345085	58.0634211	58.023471	
9.929873	56.2744587	56.2345085	58.0634211	58.023471	
9.940096	56.2744587	56.2345085	58.0634211	58.023471	
9.950322	56.2744587	56.2345085	58.0634211	58.023471	
9.960491	56.2744587	56.2345085	58.0634211	58.023471	
9.970569	56.2744587	56.2345085	58.0634211	58.023471	
9.981085	56.2744587	56.2345085	58.0634211	58.023471	
9.990914	56.2744587	56.2345085	58.0634211	58.023471	
10.00103	56.2744587	56.2345085	58.0634211	58.023471	
10.01117	56.2744587	56.2345085	58.0634211	58.023471	
10.0213	56.2744587	56.2345085	58.0634211	58.023471	
10.03149	56.2744587	56.2345085	58.0634211	58.023471	
10.04182	56.2744587	56.2345085	58.0634211	58.023471	
10.05196	56.2744587	56.2345085	58.0634211	58.023471	
10.06203	56.2744587	56.2345085	58.0634211	58.023471	
10.07222	56.2744587	56.2345085	58.0634211	58.023471	
10.08262	56.2744587	56.2345085	58.0634211	58.023471	
10.09248	56.2744587	56.2345085	58.0634211	58.023471	
10.10341	56.2744587	56.2345085	58.0634211	58.023471	
10.11277	56.2744587	56.2345085	58.0634211	58.023471	
10.1229	56.2744587	56.2345085	58.0634211	58.023471	
10.13343	56.2744587	56.2345085	58.0634211	58.023471	
10.15133	56.2744587	56.2345085	58.0634211	58.023471	
10.15598	56.2744587	56.2345085	58.0634211	58.023471	
10.16614	56.2744587	56.2345085	58.0634211	58.023471	
10.17635	56.2744587	56.2345085	58.0634211	58.023471	
10.18647	56.2744587	56.2345085	58.0634211	58.023471	
10.19684	56.2744587	56.2345085	58.0634211	58.023471	
10.20704	56.2744587	56.2345085	58.0634211	58.023471	
10.21717	56.2744587	56.2345085	58.0634211	58.023471	
10.2273	56.2744587	56.2345085	58.0634211	58.023471	
10.23906	56.2744587	56.2345085	58.0634211	58.023471	
10.24766	56.2744587	56.2345085	58.0634211	58.023471	
10.25783	56.2744587	56.2345085	58.0634211	58.023471	
10.26841	56.2744587	56.2345085	58.0634211	58.023471	
10.27889	56.2744587	56.2345085	58.0634211	58.023471	
10.28873	56.2744587	56.2345085	58.0634211	58.023471	
10.2989	56.2744587	56.2345085	58.0634211	58.023471	
10.30905	56.2744587	56.2345085	58.0634211	58.023471	
10.31922	56.2744587	56.2345085	58.0634211	58.023471	
10.32967	56.2744587	56.2345085	58.0634211	58.023471	
10.34107	56.2744587	56.2345085	58.0634211	58.023471	
10.34972	56.2744587	56.2345085	58.0634211	58.023471	
10.35989	56.2744587	56.2345085	58.0634211	58.023471	
10.3829	56.2744587	56.2345085	58.0634211	58.023471	
10.38777	56.2744587	56.2345085	58.0634211	58.023471	
10.39892	56.2744587	56.2345085	58.0634211	58.023471	
