0.03584626	
0.04047016	
0.05062196	
0.06077875	
0.07089954	
0.08111433	
0.09150511	
0.1013889	
0.1117777	
0.1216565	
0.1318723	
0.1420501	
0.1521849	
0.1624266	
0.1725894	
0.1827222	
0.192827	
0.2029648	
0.2144306	
0.2231984	
0.2445519	
0.2489379	
0.2591626	
0.2692744	
0.2794112	
0.289557	
0.2997178	
0.3099656	
0.3200274	
0.3301692	
0.340358	
0.3504768	
0.3606256	
0.3707533	
0.3809941	
0.3912399	
0.4012447	
0.4114265	
0.4215333	
0.4316851	
0.4418429	
0.4519807	
0.4621495	
0.4723962	
0.482536	
0.4926638	
0.5027616	
0.5129124	
0.5231052	
0.533208	
0.5433078	
0.5534936	
0.5636464	
0.5739441	
0.5840129	
0.5941357	
0.6042385	
0.6145723	
0.6247131	
0.6348969	
0.6450657	
0.6552155	
0.6653683	
0.675561	
0.6857458	
0.6958626	
0.7060354	
0.7161952	
0.726333	
0.7365628	
0.7466676	
0.7568504	
0.7669832	
0.7770989	
0.7873677	
0.7974585	
0.8075763	
0.8177611	
0.8279799	
0.8381527	
0.8483125	
0.8584323	
0.8686151	
0.8787748	
0.8889566	
0.8991514	
0.9092612	
0.919399	
0.9295158	
0.9397296	
0.9499384	
0.9600252	
0.970156	
0.9803818	
0.9904905	
1.000647	
1.010749	
1.021003	
1.031082	
1.041264	
1.051399	
1.06152	
1.071656	
1.081805	
1.092024	
1.102223	
1.112415	
1.122531	
1.132661	
1.143133	
1.152931	
1.163152	
1.173306	
1.183402	
1.193597	
1.203784	
1.221975	
1.22635	
1.236617	
1.246676	
1.256811	
1.26703	
1.277159	
1.287306	
1.297464	
1.307654	
1.317786	
1.328333	
1.338144	
1.348295	
1.35844	
1.368557	
1.378742	
1.388928	
1.399055	
1.409212	
1.419421	
1.429532	
1.439669	
1.449886	
1.460054	
1.470225	
1.480373	
1.490489	
1.500704	
1.510821	
1.521007	
1.534434	
1.544628	
1.554828	
1.573178	
1.577837	
1.588075	
1.598355	
1.608524	
1.618795	
1.629048	
1.639166	
1.64938	
1.65966	
1.669971	
1.680124	
1.69043	
1.700642	
1.710802	
1.721215	
1.731398	
1.741759	
1.751728	
1.761999	
1.772191	
1.790915	
1.795633	
1.80582	
1.816014	
1.826258	
1.836462	
1.846677	
1.856865	
1.867178	
1.877418	
1.887984	
1.897842	
1.908083	
1.91839	
1.9286	
1.938806	
1.949112	
1.959614	
1.969574	
1.979921	
1.989993	
2.000246	
2.010467	
2.029194	
2.034142	
2.04419	
2.054476	
2.064627	
2.074808	
2.085122	
2.095281	
2.105477	
2.115697	
2.125931	
2.13614	
2.146385	
2.156529	
2.16681	
2.177012	
2.187303	
2.197482	
2.207685	
2.218257	
2.228213	
2.238521	
2.248716	
2.258973	
2.269162	
2.279447	
2.289674	
2.299961	
2.310103	
2.320358	
2.330562	
2.340906	
2.351127	
2.361255	
2.371679	
2.381719	
2.391914	
2.402176	
2.412338	
2.422647	
2.432737	
2.443038	
2.461795	
2.46645	
2.485053	
2.489721	
2.499993	
2.510171	
2.520347	
2.530624	
2.540879	
2.551173	
2.561384	
2.571552	
2.581736	
2.591979	
2.602265	
2.621068	
2.625754	
2.635983	
2.646217	
2.656372	
2.66663	
2.676926	
2.687054	
2.697271	
2.70754	
2.717721	
2.727993	
2.738232	
2.748424	
2.758648	
2.768866	
2.779102	
2.789324	
2.799584	
2.809804	
2.82011	
2.829955	
2.840084	
2.850248	
2.860365	
2.870528	
2.880703	
2.890869	
2.901088	
2.911161	
2.921287	
2.931768	
2.941576	
2.951724	
2.96335	
2.972247	
2.982983	
2.992581	
3.002721	
3.012936	
3.023027	
3.033175	
3.043394	
3.053492	
3.063626	
3.07383	
3.084023	
3.102358	
3.106737	
3.116912	
3.127074	
3.137203	
3.147431	
3.157538	
3.167672	
3.17788	
3.18804	
3.198278	
3.208286	
3.218485	
3.228737	
3.238777	
3.248954	
3.259103	
3.269361	
3.279435	
3.289605	
3.299754	
3.309897	
3.320034	
3.330227	
3.340351	
3.35052	
3.360677	
3.370761	
3.381049	
3.391134	
3.40126	
3.411445	
3.421956	6.24993909	6.24827872	7.97781505	7.97615468	
3.432056	6.25252942	6.24827872	7.98040538	7.97615468	
3.442218	6.25619019	6.24827872	7.98406615	7.97615468	
3.45238	6.26084804	6.24827872	7.988724	7.97615468	
3.46301	6.26689814	6.25700537	7.9947741	7.97615468	
3.472644	6.27325548	6.25700537	8.00113144	7.98488133	
3.482793	6.28101088	6.25700537	8.00888684	7.98488133	
3.49298	6.28983991	6.26573201	8.01771587	7.99360797	
3.503079	6.29960001	6.26573201	8.02747596	7.99360797	
3.513275	6.3105086	6.27445866	8.03838456	8.00233462	
3.523526	6.32252935	6.28318531	8.05040531	8.00233462	
3.533601	6.33533942	6.29191195	8.06321537	8.01106127	
3.543785	6.34932847	6.3006386	8.07720443	8.01978791	
3.561796	6.37803407	6.31809189	8.10591003	8.04596785	
3.566441	6.38534001	6.32681854	8.11321597	8.04596785	
3.576589	6.40261023	6.34427183	8.13048619	8.06342114	
3.586774	6.42098812	6.35299848	8.14886408	8.07214779	
3.59697	6.44042414	6.37045177	8.1683001	8.08087444	
3.607081	6.46072048	6.38790506	8.18859644	8.09832773	
3.617223	6.48210283	6.40535835	8.20997878	8.11578102	
3.627728	6.50539432	6.42281165	8.23327028	8.13323431	
3.63781	6.5287035	6.44026494	8.25657946	8.15068761	
3.64795	6.55319674	6.45771823	8.2810727	8.1681409	
3.658096	6.57873932	6.48389817	8.30661528	8.18559419	
3.66825	6.60533924	6.50135146	8.3332152	8.21177413	
3.678509	6.63326685	6.5275314	8.36114281	8.23795407	
3.688614	6.66177097	6.55371134	8.38964693	8.27286065	
3.698799	6.6915628	6.57989128	8.41943876	8.29904059	
3.709009	6.72247505	6.60607122	8.45035101	8.32522053	
3.719063	6.75390233	6.63225116	8.48177829	8.36012712	
3.729356	6.78716172	6.66715774	8.51503768	8.3950337	
3.739533	6.82106611	6.70206433	8.54894207	8.42994029	
3.749647	6.85578015	6.73697091	8.58365611	8.46484687	
3.759792	6.89181184	6.78060414	8.6196878	8.5084801	
3.770262	6.93008157	6.81551073	8.65795753	8.55211333	
3.780079	6.96643108	6.85914396	8.69430704	8.59574657	
3.790335	7.0058005	6.91150384	8.73367646	8.6393798	
3.800431	7.04558228	6.94641042	8.77345824	8.68301303	
3.810524	7.08641269	6.9987703	8.81428865	8.73537291	
3.82078	7.12889536	7.04240353	8.85677132	8.77900614	
3.831006	7.17232743	7.08603676	8.90020339	8.83136602	
3.841087	7.21612589	7.13839664	8.94400185	8.87499925	
3.851247	7.2613306	7.19075652	8.98920656	8.92735912	
3.86135	7.30729036	7.23438975	9.03516632	8.97099236	
3.871764	7.35579921	7.28674963	9.08367517	9.02335223	
3.881657	7.40278283	7.33038286	9.13065879	9.07571211	
3.891812	7.45206991	7.38274274	9.17994587	9.12807199	
3.90196	7.5023725	7.43510261	9.23024846	9.17170522	
3.9121	7.55365322	7.48746249	9.28152918	9.2240651	
3.922264	7.60609491	7.53982237	9.33397087	9.26769833	
3.932563	7.66031176	7.60090889	9.38818772	9.32005821	
3.942627	7.71424386	7.65326877	9.44211982	9.37241808	
3.952759	7.7696087	7.71435529	9.49748466	9.42477796	
3.97326	7.88693025	7.81907505	9.61480621	9.52949772	
3.977803	7.91272317	7.84525499	9.64059913	9.54695101	
3.987962	7.9718196	7.90634151	9.69969556	9.59931089	
3.998103	8.03182709	7.95870139	9.75970305	9.65167076	
4.008213	8.0926717	8.01978791	9.82054766	9.71275729	
4.018611	8.15636456	8.08087444	9.88424052	9.77384381	
4.029954	8.22717886	8.15068761	9.95505482	9.84365698	
4.038737	8.28260874	8.20304748	10.0104847	9.89601686	
4.048889	8.34783737	8.26413401	10.0757133	9.96583003	
4.05904	8.41411667	8.32522053	10.1419926	10.0269166	
4.069222	8.48158995	8.3950337	10.2094659	10.0967297	
4.079375	8.54991352	8.45612023	10.2777895	10.1665429	
4.089528	8.6192747	8.5259334	10.3471507	10.2363561	
4.099745	8.69012734	8.59574657	10.4180033	10.3148959	
4.109873	8.76138429	8.66555974	10.4892603	10.384709	
4.120205	8.83611044	8.73537291	10.5639864	10.4632489	
4.131663	8.91837595	8.82263937	10.6462519	10.5505153	
4.140393	8.98235017	8.88372589	10.7102261	10.6203285	
4.150551	9.05795239	8.96226571	10.7858283	10.6988683	
4.160716	9.13461743	9.04080553	10.8624934	10.7774081	
4.170796	9.21168384	9.11934534	10.9395598	10.8559479	
4.181083	9.29138602	9.19788516	11.019262	10.9344878	
4.191158	9.37042604	9.28515162	11.098302	11.0130276	
4.20129	9.45095843	9.37241808	11.1788344	11.100294	
4.213733	9.55408554	9.4509579	11.2819615	11.1788339	
4.221793	9.6172535	9.53822436	11.3451295	11.2573737	
4.233633	9.7153526	9.63421747	11.4432286	11.3620934	
4.241958	9.78478925	9.71275729	11.5126652	11.4319066	
4.252141	9.87090749	9.8087504	11.5987834	11.5191731	
4.270358	10.0290532	9.96583003	11.7569292	11.6762527	
4.274961	10.0688895	10.0094633	11.7967655	11.7198859	
4.285171	10.1586005	10.1054564	11.8864765	11.8071524	
4.295281	10.2484674	10.1927228	11.9763434	11.9031455	
4.305443	10.3398684	10.2887159	12.0677443	11.990412	
4.315632	10.4324692	10.3759824	12.1603452	12.0864051	
4.325805	10.5260325	10.4719755	12.2539084	12.1823982	
4.336691	10.6274233	10.5766953	12.3552992	12.2783913	
4.346583	10.7203505	10.6639617	12.4482265	12.3743844	
4.35687	10.8181261	10.7512282	12.5460021	12.4703775	
4.366889	10.9143444	10.8472213	12.6422204	12.5663706	
4.377058	11.013035	10.9432144	12.740911	12.6623637	
4.387238	11.1129087	11.0392075	12.8407847	12.7583568	
4.397383	11.2134368	11.1352006	12.9413128	12.8543499	
4.407786	11.3176883	11.2311937	13.0455643	12.9590697	
4.417731	11.418238	11.3271868	13.146114	13.0550628	
4.427875	11.5218389	11.42318	13.2497148	13.1597826	
4.438499	11.6316015	11.5278997	13.3594775	13.2645023	
4.44827	11.7333035	11.6238928	13.4611795	13.3692221	
4.458438	11.8403002	11.7286126	13.5681762	13.4739418	
4.468606	11.9483097	11.8333323	13.6761857	13.5786616	
4.47871	12.0566462	11.9380521	13.7845221	13.692108	
4.488915	12.167123	12.0514985	13.894999	13.8055544	
4.499094	12.2783864	12.1562182	14.0062624	13.9102741	
4.509308	12.3909996	12.2696646	14.1188756	14.0324472	
4.519409	12.5034029	12.383111	14.2312788	14.1371669	
4.529521	12.6170195	12.4965574	14.3448955	14.2506133	
4.54015	12.7376009	12.6187305	14.4654768	14.3727864	
4.549912	12.8491574	12.7321769	14.5770333	14.4862328	
4.560092	12.9666315	12.8456233	14.6945074	14.5996792	
4.570239	13.085107	12.9677963	14.8129829	14.7218522	
4.580399	13.2040358	13.0899694	14.9319117	14.8352986	
4.590594	13.3246985	13.2208691	15.0525744	14.9574717	
4.600732	13.4457945	13.3430421	15.1736704	15.0796447	
4.610832	13.5674428	13.4739418	15.2953188	15.2018178	
4.62109	13.6920668	13.6048415	15.4199428	15.3327175	
4.63153	13.8200138	13.7270146	15.5478898	15.4548905	
4.641747	13.9462862	13.8579143	15.6741622	15.5857902	
4.651603	14.0689398	13.988814	15.7968158	15.7079633	
4.661696	14.195612	14.1197136	15.9234879	15.8301363	
4.671804	14.3235201	14.2506133	16.0513961	15.961036	
4.68203	14.4540119	14.381513	16.1818879	16.0919357	
4.692208	14.5848604	14.5124127	16.3127364	16.2141088	
4.710299	14.8214464	14.7480322	16.5493223	16.4410016	
4.714906	14.881603	14.8091187	16.609479	16.5020881	
4.725057	15.0154631	14.9400184	16.743339	16.6329878	
4.735223	15.1505955	15.0709181	16.8784715	16.7638875	
4.745484	15.2881029	15.2105444	17.0159789	16.9035138	
4.755632	15.4249179	15.3414441	17.1527938	17.0344135	
4.765769	15.5627335	15.4810705	17.2906095	17.1740398	
4.775888	15.7013139	15.6119702	17.4291899	17.3136662	
4.786086	15.8419923	15.7515965	17.5698683	17.4532925	
4.796266	15.9834995	15.8912228	17.7113755	17.5929189	
4.806457	16.1261706	16.0308492	17.8540466	17.7325452	
4.816637	16.2697375	16.1704755	17.9976135	17.8808982	
4.826762	16.4135655	16.3101019	18.1414415	18.0205245	
4.837047	16.5608046	16.4584548	18.2886806	18.1688775	
4.847346	16.7091465	16.5980812	18.4370225	18.3172305	
4.857516	16.8567588	16.7464342	18.5846348	18.4655835	
4.867664	17.0050219	16.8947872	18.7328979	18.6226631	
4.877821	17.1544482	17.0431401	18.8823242	18.7710161	
4.88794	17.3043669	17.1914931	19.0322429	18.9193691	
4.898113	17.4560932	17.3485728	19.1839692	19.0764487	
4.908295	17.609036	17.4881991	19.336912	19.2248017	
4.926411	17.8851749	17.7674518	19.6130509	19.4953277	
4.93104	17.9556396	17.837265	19.6835155	19.5651409	
4.942279	18.1284775	17.9856179	19.8563534	19.7222205	
4.951374	18.2687464	18.1514242	19.9966224	19.8793002	
4.964079	18.4669264	18.3085039	20.1948023	20.0451065	
4.973931	18.6213803	18.4655835	20.3492563	20.2021861	
4.98198	18.7479747	18.6313898	20.4758507	20.3679924	
4.992139	18.9091217	18.7884694	20.6369976	20.525072	
5.002249	19.070383	18.9542757	20.7982589	20.6821516	
5.012591	19.235887	19.120082	20.9637629	20.8566846	
5.022626	19.396431	19.2858882	21.1243069	21.0137642	
5.032778	19.558863	19.4516945	21.2867389	21.1882971	
5.043992	19.738399	19.6175008	21.4662749	21.3541034	
5.055512	19.922703	19.8269403	21.6505789	21.5548163	
5.074216	20.221967	20.1410996	21.9498429	21.8689755	
5.084267	20.382671	20.3156325	22.1105469	22.0347818	
5.094624	20.548447	20.4814388	22.2763229	22.2005881	
5.104786	20.711023	20.6559717	22.4388989	22.3663944	
5.114905	20.872943	20.821778	22.6008189	22.5322006	
5.125132	21.036527	20.9963109	22.7644029	22.6892803	
5.135206	21.197695	21.1533905	22.9255709	22.8550866	
5.146989	21.386335	21.3279235	23.1142109	23.0208928	
5.155685	21.525439	21.4937297	23.2533149	23.1866991	
5.165775	21.686815	21.659536	23.4146909	23.3525054	
5.176135	21.852623	21.8166156	23.5804989	23.509585	
5.186089	22.011823	21.9911486	23.7396989	23.6753913	
5.196301	22.175247	22.1482282	23.9031229	23.8324709	
5.206422	22.337199	22.3053078	24.0650749	23.9982772	
5.216588	22.499839	22.4711141	24.2277149	24.1553568	
5.226743	22.662303	22.6281938	24.3901789	24.3124365	
5.236916	22.825071	22.794	24.5529469	24.4782428	
5.248898	23.016943	22.9510797	24.7448189	24.644049	
5.257235	23.150175	23.1081593	24.8780509	24.8011287	
5.267397	23.312783	23.2652389	25.0406589	24.9669349	
5.277591	23.475887	23.4223186	25.2037629	25.1327412	
5.287687	23.637407	23.5793982	25.3652829	25.2898209	
5.297889	23.800639	23.7364778	25.5285149	25.4556271	
5.308046	23.963135	23.8935575	25.6910109	25.6127068	
5.318196	24.125567	24.0506371	25.8534429	25.7785131	
5.328399	24.288783	24.2077167	26.0166589	25.9355927	
5.338499	24.450399	24.3647964	26.1782749	26.0926723	
5.350624	24.644543	24.5306026	26.3724189	26.2584786	
5.358874	24.776367	24.6789556	26.5042429	26.4242849	
5.369001	24.938399	24.8447619	26.6662749	26.5813645	
5.379409	25.104975	25.0105682	26.8328509	26.7558974	
5.389492	25.266287	25.1676478	26.9941629	26.9129771	
5.40001	25.434559	25.3421807	27.1624349	27.0787833	
5.410085	25.595855	25.4992604	27.3237309	27.2445896	
5.420338	25.759903	25.6650667	27.4877789	27.4016693	
5.430559	25.923375	25.8308729	27.6512509	27.5674755	
5.44059	26.083967	25.9966792	27.8118429	27.7332818	
5.45215	26.268927	26.1624855	27.9968029	27.8903614	
5.461074	26.411711	26.3195651	28.1395869	28.0561677	
5.471124	26.572415	26.494098	28.3002909	28.221974	
5.481312	26.735455	26.6599043	28.4633309	28.3790536	
5.491392	26.896687	26.8257106	28.6245629	28.5448599	
5.5018	27.063279	26.9915169	28.7911549	28.7106662	
5.51191	27.224975	27.1573232	28.9528509	28.8677458	
5.522053	27.387263	27.3231294	29.1151389	29.0248255	
5.53222	27.549951	27.4889357	29.2778269	29.1906317	
5.542454	27.713743	27.654742	29.4416189	29.356438	
5.554458	27.909423	27.8205483	29.6372989	29.5222443	
5.562749	28.038431	27.9776279	29.7663069	29.6793239	
5.572897	28.200783	28.1434342	29.9286589	29.8451302	
5.583016	28.362671	28.3092405	30.0905469	30.0022098	
5.593169	28.525119	28.4750467	30.2529949	30.1680161	
5.603304	28.687327	28.640853	30.4152029	30.3338224	
5.613434	28.849391	28.7979327	30.5772669	30.4996287	
5.623619	29.012367	28.9637389	30.7402429	30.665435	
5.633837	29.175839	29.1295452	30.9037149	30.8312412	
5.643972	29.338015	29.2866248	31.0658909	30.9970475	
5.656055	29.536047	29.4611578	31.2639229	31.1628538	
5.664603	29.668095	29.6182374	31.3959709	31.3286601	
5.674904	29.832927	29.775317	31.5608029	31.4944664	
5.685024	29.994799	29.9411233	31.7226749	31.6602726	
5.695094	30.155999	30.098203	31.8838749	31.8173523	
5.70528	30.318959	30.2640092	32.0468349	31.9831585	
5.71547	30.481919	30.4210889	32.2097949	32.1489648	
5.725641	30.644687	30.5781685	32.3725629	32.3060445	
5.735774	30.806751	30.7439748	32.5346269	32.4718507	
5.745954	30.969711	30.9010544	32.6975869	32.6289304	
5.757679	31.157407	31.0668607	32.8852829	32.7947366	
5.76633	31.295727	31.2239403	33.0236029	32.9518163	
5.776443	31.457471	31.38102	33.1853469	33.1088959	
5.786642	31.620719	31.5468262	33.3485949	33.2747022	
5.804798	31.911247	31.8348056	33.6391229	33.5626815	
5.809385	31.984607	31.9046187	33.7124829	33.6324947	
5.819782	32.151775	32.0791517	33.8796509	33.8070276	
5.829929	32.313295	32.2362313	34.0411709	33.9641072	
5.840051	32.475231	32.3933109	34.2031069	34.1211869	
5.850455	32.641775	32.5591172	34.3696509	34.2869932	
5.869897	32.952943	32.8820031	34.6808189	34.6098791	
5.874562	33.027423	32.9518163	34.7552989	34.6796922	
5.88474	33.190255	33.1176226	34.9181309	34.8367719	
5.894854	33.352063	33.2834288	35.0799389	34.9938515	
5.905052	33.515295	33.4405085	35.2431709	35.1596578	
5.915206	33.677727	33.6150414	35.4056029	35.3254641	
5.925391	33.840719	33.772121	35.5685949	35.4825437	
5.935715	34.005887	33.9379273	35.7337629	35.64835	
5.945847	34.167999	34.1037336	35.8958749	35.8141563	
5.956057	34.331343	34.2695399	36.0592189	35.9712359	
5.968256	34.526703	34.4615261	36.2545789	36.1632221	
5.976341	34.655887	34.5924258	36.3837629	36.2941218	
5.98651	34.819247	34.7582321	36.5471229	36.4599281	
5.996624	34.980431	34.9240383	36.7083069	36.6170077	
6.00678	35.142911	35.081118	36.8707869	36.782814	
6.016984	35.306159	35.2469242	37.0340349	36.9486203	
6.027141	35.468719	35.4127305	37.1965949	37.1144265	
6.03737	35.632335	35.5698102	37.3602109	37.2802328	
6.047444	35.793503	35.7356164	37.5213789	37.4373125	
6.057618	35.956271	35.9014227	37.6841469	37.6118454	
6.067901	36.120911	36.0585023	37.8487869	37.7776517	
6.078006	36.282511	36.2243086	38.0103869	37.9434579	
6.088136	36.444607	36.3901149	38.1724829	38.1005376	
6.098321	36.607583	36.5471945	38.3354589	38.2663438	
6.108469	36.769951	36.7130008	38.4978269	38.4321501	
6.11867	36.933167	36.8700804	38.6610429	38.5892298	
6.128788	37.095039	37.0358867	38.8229149	38.755036	
6.138958	37.257743	37.1929664	38.9856189	38.9208423	
6.149221	37.421951	37.350046	39.1498269	39.077922	
6.159251	37.582399	37.5158523	39.3102749	39.2437282	
6.169524	37.746879	37.6729319	39.4747549	39.4008079	
6.179883	37.912591	37.8387382	39.6404669	39.5666141	
6.189951	38.073647	37.9958178	39.8015229	39.7324204	
6.200113	38.236191	38.1616241	39.9640669	39.8895001	
6.211239	38.425487	38.3274304	40.1533629	40.0553063	
6.223297	38.607231	38.5281432	40.3351069	40.2560192	
6.233456	38.769695	38.6939495	40.4975709	40.4218255	
6.24364	38.932671	38.8510291	40.6605469	40.5789051	
6.25373	39.094047	39.0255621	40.8219229	40.7447114	
6.273101	39.404159	39.3309947	41.1320349	41.050144	
6.277785	39.478975	39.4095345	41.2068509	41.1199572	
6.287921	39.641183	39.5753408	41.3690589	41.2857635	
6.298087	39.803791	39.7324204	41.5316669	41.4428431	
6.308196	39.965567	39.8982267	41.6934429	41.5999227	
6.318416	40.129071	40.064033	41.8569469	41.765729	
6.328931	40.297407	40.2298393	42.0252829	41.9228086	
6.338745	40.454367	40.3869189	42.1822429	42.0886149	
6.348922	40.617135	40.5527252	42.3450109	42.2544212	
6.359026	40.778799	40.7185314	42.5066749	42.4115008	
6.370564	40.964079	40.901791	42.6919549	42.603487	
6.380486	41.122175	41.0588707	42.8500509	42.7605667	
6.390706	41.285759	41.2246769	43.0136349	42.9176463	
6.400783	41.446911	41.3817566	43.1747869	43.0834526	
6.410898	41.608847	41.5475628	43.3367229	43.2492589	
6.421389	41.776703	41.7133691	43.5045789	43.4150651	
6.431273	41.934815	41.8704488	43.6626909	43.5808714	
6.441378	42.096463	42.036255	43.8243389	43.7379511	
6.451518	42.258719	42.2020613	43.9865949	43.912484	
6.461801	42.423279	42.3591409	44.1511549	44.0695636	
6.472081	42.587871	42.5249472	44.3157469	44.2440965	
6.482206	42.749743	42.6907535	44.4776189	44.4011762	
6.492489	42.914255	42.8478331	44.6421309	44.5669824	
6.502606	43.076127	43.0049128	44.8040029	44.7327887	
6.513151	43.244879	43.1794457	44.9727549	44.898595	
6.522872	43.400367	43.3365253	45.1282429	45.0556746	
6.533047	43.5616512	43.493605	45.2895272	45.2214809	
6.543128	43.7203597	43.6506846	45.4482357	45.3785606	
6.553284	43.8792652	43.8164909	45.6071412	45.5356402	
6.563541	44.0387596	43.9822972	45.7666355	45.7014465	
6.57396	44.1997275	44.1481034	45.9276035	45.8672527	
6.591783	44.4709441	44.4273561	46.19882	46.1465054	
6.596439	44.5419053	44.4971693	46.2697813	46.2250452	
6.606645	44.6961825	44.6542489	46.4240584	46.3908515	
6.616716	44.8474606	44.8200552	46.5753366	46.5479312	
6.626916	44.9995296	44.9771348	46.7274055	46.7050108	
6.637149	45.1510474	45.1342145	46.8789233	46.8620904	
6.647244	45.2995437	45.2912941	47.0274197	47.01917	
6.657371	45.4475179	45.4483737	47.1753938	47.167523	
6.667563	45.5954333	45.5967267	47.3233093	47.3246027	
6.677828	45.7433553	45.7538063	47.4712313	47.4729557	
6.687915	45.8875959	45.9021593	47.6154719	47.6213086	
6.698072	46.0318515	46.0417857	47.7597275	47.760935	
6.708216	46.1749698	46.1988653	47.9028458	47.909288	
6.718337	46.3166901	46.3384916	48.0445661	48.0489143	
6.72854	46.4585472	46.4868446	48.1864232	48.1885406	
6.738848	46.6008702	46.626471	48.3287462	48.328167	
6.748933	46.7389387	46.7660973	48.4668147	48.4677933	
6.759049	46.8765087	46.9057236	48.6043846	48.598693	
6.769171	47.0131683	47.04535	48.7410442	48.7383194	
6.779446	47.1508357	47.1762497	48.8787117	48.8692191	
6.789611	47.2859685	47.3071494	49.0138445	49.0088454	
6.799709	47.4191488	47.4380491	49.1470248	49.1310184	
6.809962	47.5534525	47.5689488	49.2813285	49.2619181	
6.82025	47.6881229	47.6911218	49.4159989	49.3928178	
6.830198	47.8153434	47.8220215	49.5432193	49.5237175	
6.840406	47.945921	47.9529212	49.6737969	49.6546172	
6.850451	48.0733821	48.0663676	49.801258	49.7855169	
6.860688	48.2022674	48.1972673	49.9301434	49.9164166	
6.87079	48.3284344	48.3194403	50.0563104	50.0385897	
6.881081	48.4559377	48.4416134	50.1838137	50.1694893	
6.891176	48.5799383	48.5637864	50.3078142	50.2916624	
6.901353	48.7039511	48.6946861	50.4318271	50.4225621	
6.911458	48.8260771	48.8081325	50.5539531	50.5447351	
6.921819	48.9502425	48.9215789	50.6781185	50.6669082	
6.93185	49.0694249	49.043752	50.7973009	50.7890812	
6.94192	49.188052	49.165925	50.9159279	50.9025276	
6.952106	49.3070694	49.2793714	51.0349454	51.0247007	
6.962217	49.4241776	49.3928178	51.1520535	51.1381471	
6.981113	49.6388059	49.610984	51.3666818	51.3563132	
6.985754	49.6914546	49.6720705	51.4193306	51.4173998	
6.99593	49.8059124	49.7855169	51.5337884	51.5221195	
7.006055	49.9187946	49.8989633	51.6466705	51.6442926	
7.016196	50.0308028	50.0211364	51.7586787	51.7490123	
7.0264	50.1425163	50.1258561	51.8703922	51.8624587	
7.03659	50.2530273	50.2393025	51.9809032	51.9759051	
7.046805	50.3627646	50.3527489	52.0906406	52.0806249	
7.056929	50.4705355	50.4661953	52.1984114	52.1940713	
7.067072	50.5774582	50.5796417	52.3053341	52.3075177	
7.07888	50.7005722	50.6843615	52.4284482	52.4122374	
7.087434	50.7890032	50.7890812	52.5168792	52.5169572	
7.097603	50.8931687	50.893801	52.6210446	52.6216769	
7.107845	50.9970304	50.9985207	52.7249063	52.7351233	
7.117903	51.0980549	51.1032405	52.8259309	52.8398431	
7.128117	51.1995279	51.2079603	52.9274039	52.9532895	
7.138252	51.2992539	51.3039534	53.0271299	53.0492826	
7.148739	51.4013961	51.3999465	53.1292721	53.1540024	
7.158662	51.4970355	51.5046662	53.2249115	53.2499955	
7.168742	51.5931208	51.6006593	53.3209968	53.3459886	
7.180568	51.7045368	51.6966524	53.4324128	53.4419817	
7.189184	51.7849725	51.7926456	53.5128484	53.5292482	
7.199266	51.878105	51.879912	53.6059809	53.6165146	
7.20935	51.9702525	51.9759051	53.6981285	53.7037811	
7.219532	52.0623123	52.0718982	53.7901883	53.7910475	
7.22977	52.1537528	52.1591647	53.8816288	53.878314	
7.239916	52.2434399	52.2464312	53.9713159	53.9655805	
7.250089	52.3322918	52.3336976	54.0601678	54.0441203	
7.26028	52.4203025	52.4209641	54.1481784	54.1226601	
7.270393	52.5066188	52.5082305	54.2344948	54.2099266	
7.282185	52.605858	52.595497	54.3337339	54.2884664	
7.290778	52.6775222	52.6740368	54.4053982	54.3670062	
7.300904	52.7608746	52.7525766	54.4887505	54.4542727	
7.311111	52.8439615	52.8398431	54.5718374	54.5328125	
7.321271	52.925549	52.9183829	54.653425	54.6113523	
7.331796	53.0090477	52.9969227	54.7369237	54.6986188	
7.341532	53.0853257	53.0754626	54.8132016	54.7771586	
7.351656	53.1636415	53.1540024	54.8915175	54.8556984	
7.36184	53.2414297	53.2325422	54.9693057	54.9342382	
7.37196	53.317689	53.3023554	55.0455649	55.012778	
7.383677	53.4046251	53.3808952	55.132501	55.0913178	
7.392359	53.4683254	53.459435	55.1962013	55.1698577	
7.402489	53.5416249	53.5379748	55.2695009	55.2483975	
7.412689	53.6144286	53.607788	55.3423045	55.3269373	
7.422803	53.6856266	53.6863278	55.4135025	55.3967505	
7.433227	53.7578982	53.756141	55.4857741	55.4752903	
7.443042	53.8250528	53.8259541	55.5529288	55.5451034	
7.45326	53.893902	53.8957673	55.621778	55.6236433	
7.463358	53.9609573	53.9655805	55.6888333	55.6934564	
7.473479	54.0271751	54.0353936	55.7550511	55.7632696	
7.48532	54.1032179	54.1052068	55.8310939	55.8330828	
7.502146	54.2080135	54.2273799	55.9358894	55.9465292	
7.506826	54.2372104	54.2535598	55.9650864	55.9727091	
7.516951	54.2991478	54.3146463	56.0270238	56.0425223	
7.527106	54.360238	54.3844595	56.0881139	56.1036088	
7.537311	54.4206469	54.4368194	56.1485228	56.1559687	
7.547428	54.4795305	54.4891792	56.2074064	56.2170552	
7.557672	54.5381252	54.5502658	56.2660011	56.2694151	
7.567779	54.5949381	54.6026256	56.322814	56.321775	
7.577936	54.6510483	54.6637122	56.3789243	56.3741348	
7.588789	54.7098471	54.7160721	56.4377231	56.4264947	
7.598308	54.7605364	54.7597053	56.4884124	56.4788546	
7.608396	54.8132585	54.8033385	56.5411345	56.5312145	
7.618539	54.8652882	54.8556984	56.5931641	56.5835743	
7.628711	54.9164817	54.9080583	56.6443577	56.6272076	
7.638905	54.9667394	54.9516915	56.6946153	56.6708408	
7.649046	55.0157531	54.9953247	56.743629	56.7232007	
7.659182	55.0637452	55.0476846	56.7916212	56.7668339	
7.66943	55.1112571	55.0825912	56.8391331	56.8104672	
7.67954	55.1571759	55.1262244	56.8850519	56.8453737	
7.690471	55.2056204	55.1698577	56.9334964	56.8977336	
7.699989	55.2469425	55.2134909	56.9748184	56.9326402	
7.71005	55.2896538	55.2571241	57.0175297	56.9762734	
7.720203	55.3317605	55.2920307	57.0596364	57.0199067	
7.730378	55.372983	55.3356639	57.1008589	57.0635399	
7.740654	55.4135769	55.3792972	57.1414529	57.1071731	
7.750726	55.4523996	55.4229304	57.1802756	57.1420797	
7.760803	55.4902738	55.4665636	57.2181498	57.1857129	
7.771013	55.5276527	55.5014702	57.2555286	57.2293462	
7.781521	55.5650674	55.5363768	57.2929434	57.2642528	
7.792908	55.6043265	55.5887367	57.3322024	57.3166126	
7.801423	55.6330593	55.6149166	57.3609353	57.3515192	
7.81156	55.6662683	55.6498232	57.3941442	57.3864258	
7.821701	55.6985055	55.6934564	57.4263815	57.4213324	
7.831884	55.729899	55.7196364	57.4577749	57.456239	
7.842022	55.7601678	55.754543	57.4880438	57.4824189	
7.852229	55.7896885	55.7807229	57.5175644	57.5173255	
7.862368	55.818016	55.8156295	57.545892	57.5435054	
7.872528	55.8454491	55.8418094	57.573325	57.578412	
7.8832	55.8731752	55.8679894	57.6010511	57.5958653	
7.894737	55.9018707	55.8941693	57.6297466	57.6307719	
7.902989	55.9218518	55.9203492	57.6497278	57.6482252	
7.913135	55.9454062	55.9378025	57.6732822	57.6656785	
7.923267	55.9679836	55.9552558	57.6958596	57.6831318	
7.933455	55.9897163	55.9727091	57.7175923	57.7093117	
7.943601	56.0104265	55.9901624	57.7383024	57.7180384	
7.953733	56.030159	56.0076157	57.7580349	57.7354917	
7.981955	56.0755664	56.0512489	57.8034423	57.7703982	
7.986598	56.0833498	56.0599756	57.8112257	57.7703982	
7.997377	56.1001185	56.0687022	57.8279945	57.7791249	
8.007412	56.1148805	56.0774289	57.8427564	57.7878515	
8.017605	56.1289928	56.0861555	57.8568688	57.7878515	
8.027812	56.1422281	56.0948822	57.8701041	57.7965782	
8.037912	56.1544722	56.0948822	57.8823481	57.8053048	
8.04812	56.1659727	56.1036088	57.8938486	57.8140315	
8.058231	56.1765213	56.1123355	57.9043973	57.8140315	
8.068416	56.1862978	56.1123355	57.9141738	57.8227581	
8.078597	56.195239	56.1210621	57.923115	57.8227581	
8.088698	56.2033053	56.1210621	57.9311813	57.8314848	
8.099318	56.2108947	56.1297887	57.9387707	57.8402114	
8.1091	56.2171878	56.1297887	57.9450637	57.8402114	
8.119191	56.222921	56.1297887	57.9507969	57.8489381	
8.129396	56.2279742	56.1297887	57.9558502	57.8576647	
8.139498	56.2322798	56.1297887	57.9601558	57.8576647	
8.149741	56.2359603	56.1297887	57.9638362	57.8663913	
8.159873	56.2389784	56.1297887	57.9668544	57.875118	
8.170023	56.2414219	56.1297887	57.9692978	57.8838446	
8.180256	56.243352	56.1297887	57.9712279	57.8838446	
8.190386	56.2482787	56.1297887	57.9761547	57.8925713	
8.201179	56.2482787	56.1385154	57.9761547	57.8925713	
8.211551	56.2482787	56.147242	57.9761547	57.8925713	
8.221495	56.2482787	56.147242	57.9761547	57.9012979	
8.231556	56.2482787	56.1559687	57.9761547	57.9012979	
8.241819	56.2482787	56.1559687	57.9761547	57.9012979	
8.251901	56.2482787	56.1646953	57.9761547	57.9012979	
8.262024	56.2482787	56.1646953	57.9761547	57.9012979	
8.272255	56.2482787	56.1646953	57.9761547	57.9012979	
8.282362	56.2482787	56.1646953	57.9761547	57.9012979	
8.292987	56.2482787	56.1646953	57.9761547	57.9012979	
8.302958	56.2482787	56.1646953	57.9761547	57.9012979	
8.312856	56.2482787	56.1646953	57.9761547	57.9012979	
8.322979	56.2482787	56.1646953	57.9761547	57.9012979	
8.333099	56.2482787	56.1646953	57.9761547	57.9012979	
8.343316	56.2482787	56.1646953	57.9761547	57.9012979	
8.353458	56.2482787	56.1646953	57.9761547	57.9012979	
8.363564	56.2482787	56.1646953	57.9761547	57.9012979	
8.373773	56.2482787	56.1646953	57.9761547	57.9012979	
8.391785	56.2482787	56.1646953	57.9761547	57.9012979	
8.3964	56.2482787	56.1646953	57.9761547	57.9012979	
8.406585	56.2482787	56.1646953	57.9761547	57.8925713	
8.416762	56.2482787	56.1646953	57.9761547	57.8925713	
8.426919	56.2482787	56.1646953	57.9761547	57.9012979	
8.437058	56.2482787	56.1646953	57.9761547	57.9012979	
8.447261	56.2482787	56.1646953	57.9761547	57.9012979	
8.457407	56.2482787	56.1646953	57.9761547	57.9012979	
8.467569	56.2482787	56.1646953	57.9761547	57.9012979	
8.477774	56.2482787	56.1646953	57.9761547	57.8925713	
8.487866	56.2482787	56.1646953	57.9761547	57.8925713	
8.498064	56.2482787	56.1646953	57.9761547	57.9012979	
8.508316	56.2482787	56.1646953	57.9761547	57.9012979	
8.518435	56.2482787	56.1646953	57.9761547	57.9012979	
8.528578	56.2482787	56.1646953	57.9761547	57.9012979	
8.538752	56.2482787	56.1646953	57.9761547	57.8925713	
8.548883	56.2482787	56.1646953	57.9761547	57.8925713	
8.574573	56.2482787	56.1646953	57.9761547	57.9012979	
