0.04380317	
0.04858708	
0.05873989	
0.06893369	
0.0791105	
0.08925531	
0.09936412	
0.1096129	
0.1197347	
0.1298855	
0.1400773	
0.1502222	
0.160395	
0.1705618	
0.1807186	
0.1909164	
0.2010442	
0.21121	
0.2213928	
0.2315226	
0.2416764	
0.2518492	
0.262119	
0.2809127	
0.2855026	
0.2955854	
0.3057142	
0.3237279	
0.3282908	
0.3383506	
0.3484884	
0.3587382	
0.368791	
0.3789478	
0.3891326	
0.3993234	
0.4094482	
0.41959	
0.4297629	
0.4399537	
0.4500645	
0.4602233	
0.4704001	
0.4805069	
0.4907027	
0.5009665	
0.5111173	
0.5212241	
0.5313419	
0.5415197	
0.5517925	
0.5619134	
0.5721232	
0.582251	
0.5923948	
0.6025966	
0.6127244	
0.6229992	
0.633026	
0.6432328	
0.6533806	
0.6634794	
0.6736412	
0.683785	
0.6939548	
0.7041397	
0.7142765	
0.7327071	
0.737209	
0.7473528	
0.7575296	
0.7678604	
0.7779963	
0.7881831	
0.7985749	
0.8084757	
0.8186885	
0.8288523	
0.8390691	
0.8493969	
0.8592887	
0.8695195	
0.8796573	
0.8898091	
0.8999399	
0.9101937	
0.9204126	
0.9305314	
0.9406862	
0.950919	
0.9610238	
0.9711876	
0.9869433	
0.9964441	
1.006772	
1.017074	
1.027188	
1.037339	
1.047479	
1.057623	
1.067782	
1.077977	
1.088178	
1.098285	
1.108447	
1.118615	
1.128776	
1.13892	
1.149089	
1.159278	
1.169432	
1.179581	
1.189763	
1.199862	
1.220328	
1.22481	
1.234944	
1.245131	
1.255236	
1.265462	
1.275584	
1.28575	
1.295954	
1.306079	
1.316247	
1.326397	
1.336571	
1.346762	
1.356928	
1.367134	
1.377204	
1.387402	
1.397633	
1.411974	-110.787862	-110.784774	-110.508609	-110.505522	
1.421882	-110.790755	-110.784774	-110.511503	-110.505522	
1.432256	-110.794884	-110.793501	-110.515631	-110.514248	
1.442133	-110.799767	-110.793501	-110.520514	-110.514248	
1.452327	-110.805862	-110.793501	-110.526609	-110.514248	
1.462465	-110.812948	-110.802228	-110.533695	-110.522975	
1.472683	-110.821137	-110.810954	-110.541885	-110.531702	
1.482766	-110.830235	-110.819681	-110.550982	-110.531702	
1.49299	-110.840503	-110.828408	-110.56125	-110.540428	
1.503549	-110.852248	-110.837134	-110.572995	-110.549155	
1.5141	-110.865097	-110.845861	-110.585844	-110.557881	
1.524278	-110.878554	-110.854587	-110.599301	-110.566608	
1.542266	-110.906131	-110.872041	-110.626878	-110.584061	
1.546857	-110.913079	-110.872041	-110.633826	-110.592788	
1.557063	-110.929878	-110.880767	-110.650626	-110.601515	
1.56725	-110.947672	-110.898221	-110.66842	-110.610241	
1.5774	-110.966438	-110.898221	-110.687185	-110.618968	
1.587606	-110.986339	-110.915674	-110.707086	-110.636421	
1.597883	-111.007451	-110.933127	-110.728198	-110.645148	
1.607943	-111.029112	-110.941854	-110.749859	-110.653875	
1.61842	-111.052822	-110.950581	-110.773569	-110.671328	
1.628337	-111.076166	-110.968034	-110.796913	-110.680055	
1.63848	-111.101099	-110.994214	-110.821846	-110.688781	
1.648605	-111.127019	-111.011667	-110.847767	-110.706234	
1.65877	-111.154088	-111.037847	-110.874836	-110.732414	
1.668925	-111.182168	-111.064027	-110.902915	-110.758594	
1.679128	-111.211398	-111.090207	-110.932145	-110.784774	
1.689282	-111.241546	-111.116387	-110.962293	-110.810954	
1.69938	-111.272511	-111.142567	-110.993258	-110.845861	
1.70962	-111.304982	-111.177473	-111.02573	-110.880767	
1.719801	-111.338318	-111.21238	-111.059065	-110.915674	
1.729976	-111.372634	-111.23856	-111.093381	-110.950581	
1.740136	-111.407945	-111.273466	-111.128692	-110.985487	
1.750314	-111.444355	-111.308373	-111.165102	-111.020394	
1.760517	-111.4819	-111.34328	-111.202648	-111.064027	
1.770747	-111.520601	-111.386913	-111.241348	-111.10766	
1.780853	-111.55984	-111.421819	-111.280587	-111.142567	
1.79109	-111.600646	-111.465453	-111.321393	-111.194927	
1.801182	-111.641873	-111.509086	-111.36262	-111.23856	
1.8113	-111.684244	-111.561446	-111.404991	-111.282193	
1.821679	-111.728825	-111.613806	-111.449573	-111.325826	
1.831735	-111.773171	-111.666166	-111.493919	-111.36946	
1.841896	-111.818606	-111.718525	-111.539354	-111.421819	
1.852028	-111.865149	-111.770885	-111.585897	-111.474179	
1.862339	-111.913626	-111.823245	-111.634373	-111.526539	
1.872488	-111.962304	-111.875605	-111.683051	-111.578899	
1.882581	-112.011774	-111.936692	-111.732521	-111.631259	
1.892718	-112.062475	-111.989051	-111.783222	-111.692345	
1.902997	-112.11496	-112.050138	-111.835707	-111.753432	
1.913443	-112.169393	-112.102498	-111.89014	-111.805792	
1.923618	-112.223451	-112.154858	-111.944199	-111.866878	
1.933409	-112.276345	-112.215944	-111.997092	-111.927965	
1.943779	-112.333563	-112.268304	-112.05431	-111.980325	
1.953692	-112.389148	-112.329391	-112.109896	-112.041411	
1.964001	-112.448108	-112.381751	-112.168855	-112.102498	
1.974164	-112.507182	-112.43411	-112.22793	-112.154858	
1.984177	-112.566396	-112.495197	-112.287144	-112.215944	
1.994381	-112.627803	-112.547557	-112.34855	-112.277031	
2.004639	-112.690608	-112.608643	-112.411356	-112.329391	
2.018937	-112.78053	-112.678457	-112.501277	-112.399204	
2.02487	-112.817837	-112.730816	-112.538584	-112.442837	
2.034993	-112.882896	-112.783176	-112.603643	-112.503924	
2.045125	-112.948986	-112.852989	-112.669734	-112.556283	
2.055306	-113.016476	-112.914076	-112.737223	-112.626097	
2.065515	-113.085188	-112.983889	-112.805935	-112.678457	
2.075652	-113.154397	-113.044976	-112.875145	-112.739543	
2.085879	-113.225328	-113.114789	-112.946075	-112.80063	
2.095998	-113.296515	-113.184602	-113.017262	-112.870443	
2.106322	-113.370242	-113.254415	-113.090989	-112.940256	
2.116473	-113.443712	-113.324228	-113.164459	-113.010069	
2.126741	-113.519104	-113.394042	-113.239852	-113.079882	
2.136958	-113.595171	-113.472581	-113.315918	-113.158422	
2.147059	-113.671342	-113.551121	-113.39209	-113.236962	
2.157187	-113.74879	-113.620934	-113.469538	-113.315502	
2.167362	-113.827652	-113.699474	-113.548399	-113.394042	
2.177537	-113.907493	-113.778014	-113.62824	-113.481308	
2.187668	-113.98802	-113.86528	-113.708767	-113.568574	
2.197881	-114.070319	-113.94382	-113.791067	-113.655841	
2.208006	-114.152857	-114.02236	-113.873605	-113.743107	
2.218177	-114.23684	-114.109626	-113.957588	-113.830374	
2.228411	-114.32242	-114.196893	-114.043167	-113.926367	
2.238827	-114.41059	-114.284159	-114.131337	-114.013633	
2.248727	-114.495287	-114.371426	-114.216034	-114.109626	
2.258838	-114.582892	-114.467419	-114.303639	-114.196893	
2.26905	-114.672402	-114.563412	-114.393149	-114.292886	
2.279258	-114.762901	-114.650679	-114.483649	-114.388879	
2.289361	-114.85353	-114.737945	-114.574277	-114.476146	
2.299522	-114.94566	-114.842665	-114.666407	-114.572139	
2.309687	-115.038896	-114.929931	-114.759643	-114.668132	
2.319894	-115.133561	-115.025924	-114.854309	-114.755398	
2.330079	-115.22904	-115.130644	-114.949787	-114.860118	
2.340218	-115.325094	-115.226637	-115.045841	-114.947385	
2.350367	-115.42235	-115.331357	-115.143097	-115.052104	
2.360658	-115.521965	-115.436077	-115.242712	-115.148097	
2.370776	-115.620939	-115.53207	-115.341686	-115.244091	
2.380917	-115.721178	-115.628063	-115.441925	-115.34881	
2.391158	-115.823429	-115.732783	-115.544176	-115.444803	
2.401235	-115.92509	-115.828776	-115.645837	-115.540796	
2.411419	-116.028832	-115.933496	-115.749579	-115.645516	
2.42215	-116.14051	-116.038215	-115.861257	-115.750236	
2.440034	-116.327441	-116.221475	-116.048188	-115.933496	
2.444742	-116.376776	-116.273835	-116.097523	-115.977129	
2.454909	-116.484775	-116.378555	-116.205522	-116.081849	
2.464978	-116.592753	-116.483274	-116.3135	-116.186568	
2.475207	-116.703545	-116.587994	-116.424292	-116.291288	
2.485342	-116.814276	-116.692714	-116.535023	-116.396008	
2.495474	-116.925989	-116.797434	-116.646736	-116.500728	
2.505644	-117.039247	-116.91088	-116.759994	-116.605447	
2.523718	-117.244409	-117.111593	-116.965156	-116.80616	
2.536651	-117.39259	-117.259946	-117.113337	-116.945787	
2.541364	-117.446524	-117.312306	-117.167272	-116.998146	
2.551495	-117.563923	-117.425752	-117.284671	-117.120319	
2.56167	-117.682893	-117.547925	-117.403641	-117.242493	
2.572165	-117.807703	-117.670098	-117.528451	-117.355939	
2.582031	-117.924051	-117.792271	-117.644799	-117.486839	
2.592218	-118.046287	-117.914444	-117.767034	-117.609012	
2.602377	-118.169217	-118.036617	-117.889964	-117.739911	
2.612509	-118.292847	-118.167517	-118.013594	-117.862084	
2.622653	-118.417652	-118.298417	-118.1384	-118.001711	
2.633235	-118.548964	-118.429316	-118.269712	-118.13261	
2.643029	-118.671343	-118.551489	-118.39209	-118.26351	
2.653201	-118.799564	-118.682389	-118.520311	-118.39441	
2.663347	-118.928498	-118.822015	-118.649245	-118.52531	
2.673741	-119.061728	-118.944189	-118.782476	-118.664936	
2.683646	-119.189586	-119.075088	-118.910333	-118.795836	
2.69385	-119.32232	-119.205988	-119.043067	-118.926735	
2.70396	-119.454914	-119.345614	-119.175661	-119.066362	
2.714095	-119.588824	-119.485241	-119.309571	-119.197261	
2.724257	-119.724232	-119.61614	-119.444979	-119.328161	
2.734571	-119.862738	-119.74704	-119.583485	-119.467787	
2.744693	-119.99945	-119.886666	-119.720197	-119.598687	
2.754861	-120.137983	-120.017566	-119.85873	-119.738313	
2.76494	-120.276274	-120.157192	-119.997021	-119.869213	
2.775285	-120.419425	-120.296819	-120.140172	-120.008839	
2.785302	-120.558888	-120.427718	-120.279635	-120.148466	
2.795456	-120.701324	-120.567345	-120.422071	-120.288092	
2.805657	-120.845448	-120.715698	-120.566196	-120.436445	
2.815822	-120.990152	-120.855324	-120.7109	-120.584798	
2.834934	-121.266823	-121.12585	-120.987571	-120.846597	
2.839663	-121.335013	-121.195663	-121.05576	-120.916411	
2.849792	-121.482601	-121.33529	-121.203348	-121.064764	
2.859919	-121.631184	-121.492369	-121.351932	-121.213117	
2.870123	-121.781958	-121.640722	-121.502705	-121.36147	
2.880279	-121.933066	-121.789075	-121.653813	-121.509823	
2.89042	-122.084994	-121.946155	-121.805742	-121.666902	
2.900581	-122.23821	-122.103234	-121.958957	-121.815255	
2.910741	-122.392412	-122.242861	-122.113159	-121.963608	
2.921018	-122.549529	-122.39994	-122.270277	-122.120688	
2.93106	-122.704051	-122.55702	-122.424799	-122.277767	
2.949386	-122.990201	-122.836273	-122.710948	-122.55702	
2.954131	-123.063982	-122.914813	-122.784729	-122.626833	
2.964321	-123.224813	-123.071892	-122.94556	-122.783913	
2.974496	-123.385157	-123.237698	-123.105904	-122.932266	
2.984991	-123.552349	-123.394778	-123.273097	-123.098072	
2.994821	-123.709804	-123.551858	-123.430551	-123.246425	
3.00506	-123.873628	-123.717664	-123.594375	-123.403505	
3.016719	-124.060204	-123.88347	-123.780951	-123.560584	
3.025274	-124.197004	-124.04055	-123.917751	-123.717664	
3.036829	-124.382044	-124.206356	-124.102791	-123.874744	
3.045667	-124.523436	-124.372162	-124.244183	-124.031823	
3.055805	-124.685516	-124.537969	-124.406263	-124.188903	
3.073894	-124.97494	-124.825948	-124.695687	-124.476882	
3.078542	-125.049276	-124.904488	-124.770023	-124.546695	
3.088807	-125.213548	-125.070294	-124.934295	-124.712502	
3.098917	-125.375292	-125.2361	-125.096039	-124.878308	
3.109091	-125.538124	-125.401907	-125.258871	-125.035388	
3.11928	-125.7011	-125.567713	-125.421847	-125.192467	
3.129375	-125.862604	-125.733519	-125.583351	-125.358274	
3.149159	-126.179308	-126.047679	-125.900055	-125.663706	
3.153871	-126.254556	-126.126218	-125.975303	-125.742246	
3.16401	-126.416796	-126.292025	-126.137543	-125.899326	
3.174199	-126.579772	-126.457831	-126.300519	-126.056405	
3.192708	-126.876076	-126.754537	-126.596823	-126.353111	
3.197356	-126.950364	-126.82435	-126.671111	-126.422924	
3.218303	-127.2855	-127.164689	-127.006247	-126.754537	
3.223056	-127.361548	-127.234502	-127.082295	-126.833077	
3.233427	-127.5275	-127.400309	-127.248247	-126.990156	
3.243346	-127.686252	-127.566115	-127.406999	-127.147236	
3.253736	-127.85246	-127.731921	-127.573207	-127.313042	
3.26365	-128.009593	-127.897728	-127.730341	-127.470122	
3.273791	-128.169312	-128.054807	-127.89006	-127.635928	
3.283964	-128.328572	-128.22934	-128.049319	-127.801734	
3.294119	-128.486452	-128.38642	-128.207199	-127.967541	
3.304307	-128.643833	-128.560953	-128.36458	-128.12462	
3.314519	-128.800567	-128.718032	-128.521314	-128.290427	
3.32476	-128.956677	-128.883839	-128.677424	-128.447506	
3.335194	-129.114733	-129.049645	-128.83548	-128.622039	
3.345	-129.262388	-129.206725	-128.983135	-128.770392	
3.3551	-129.41328	-129.363804	-129.134027	-128.936198	
3.365288	-129.564457	-129.520884	-129.285204	-129.102005	
3.375442	-129.7142	-129.677963	-129.434948	-129.259084	
3.385589	-129.862837	-129.826316	-129.583584	-129.416164	
3.395726	-130.010297	-129.974669	-129.731045	-129.58197	
3.40598	-130.158442	-130.131749	-129.87919	-129.747777	
3.416043	-130.302723	-130.280102	-130.02347	-129.904856	
3.426208	-130.44754	-130.428455	-130.168288	-130.061936	
3.436494	-130.593449	-130.568081	-130.314196	-130.227742	
3.446689	-130.736166	-130.716434	-130.456913	-130.393548	
3.456785	-130.87687	-130.864787	-130.597617	-130.550628	
3.467009	-131.018416	-131.004414	-130.739163	-130.707708	
3.477122	-131.157393	-131.14404	-130.87814	-130.864787	
3.487402	-131.297572	-131.283666	-131.018319	-131.021867	
3.4975	-131.434284	-131.423293	-131.155032	-131.161493	
3.507683	-131.571133	-131.554192	-131.29188	-131.309846	
3.517856	-131.706813	-131.685092	-131.42756	-131.449473	
3.527984	-131.840895	-131.815992	-131.561642	-131.589099	
3.538186	-131.974952	-131.946891	-131.695699	-131.719999	
3.548389	-132.108457	-132.086518	-131.829205	-131.859625	
3.558593	-132.239969	-132.208691	-131.960717	-131.981798	
3.568847	-132.371616	-132.339591	-132.092363	-132.103971	
3.578944	-132.500135	-132.47049	-132.220882	-132.226144	
3.589112	-132.628636	-132.592663	-132.349383	-132.339591	
3.599437	-132.758048	-132.714836	-132.478795	-132.453037	
3.609445	-132.882466	-132.845736	-132.603213	-132.57521	
3.619611	-133.007883	-132.967909	-132.728631	-132.688656	
3.629805	-133.132583	-133.090082	-132.85333	-132.802103	
3.639946	-133.255623	-133.212255	-132.976371	-132.915549	
3.650176	-133.378755	-133.343155	-133.099502	-133.028996	
3.66031	-133.499724	-133.456601	-133.220471	-133.151169	
3.670473	-133.619948	-133.578774	-133.340696	-133.255888	
3.688568	-133.830135	-133.788214	-133.550882	-133.465328	
3.693729	-133.890174	-133.831847	-133.610921	-133.517688	
3.703431	-134.001816	-133.95402	-133.722563	-133.639861	
3.713559	-134.117354	-134.076193	-133.838101	-133.753307	
3.72371	-134.232184	-134.180913	-133.952931	-133.87548	
3.733893	-134.346308	-134.303086	-134.067055	-133.997653	
3.744012	-134.458732	-134.416532	-134.179479	-134.1111	
3.754245	-134.571386	-134.529979	-134.292134	-134.233273	
3.76452	-134.683827	-134.634698	-134.404575	-134.346719	
3.774574	-134.792079	-134.739418	-134.512826	-134.460166	
3.784765	-134.901213	-134.852865	-134.621961	-134.582339	
3.795208	-135.011971	-134.957584	-134.732718	-134.687058	
3.805079	-135.11568	-135.062304	-134.836427	-134.800505	
3.815289	-135.221942	-135.167024	-134.942689	-134.905225	
3.825387	-135.326051	-135.271744	-135.046799	-135.018671	
3.835495	-135.429269	-135.376463	-135.150016	-135.123391	
3.845773	-135.533166	-135.481183	-135.253913	-135.22811	
3.85628	-135.63834	-135.59463	-135.359087	-135.33283	
3.86613	-135.735853	-135.699349	-135.4566	-135.428823	
3.87629	-135.835537	-135.804069	-135.556284	-135.533543	
3.886444	-135.934092	-135.900062	-135.654839	-135.629536	
3.89673	-136.032941	-136.004782	-135.753688	-135.725529	
3.906794	-136.128627	-136.100775	-135.849374	-135.821522	
3.916932	-136.224023	-136.205495	-135.94477	-135.908789	
3.927218	-136.319785	-136.310215	-136.040532	-136.004782	
3.937253	-136.41219	-136.397481	-136.132937	-136.092048	
3.947463	-136.505212	-136.493474	-136.225959	-136.188042	
3.957762	-136.598027	-136.589467	-136.318775	-136.275308	
3.967849	-136.687867	-136.68546	-136.408614	-136.362574	
3.978047	-136.777741	-136.772727	-136.498488	-136.449841	
3.988162	-136.865859	-136.859993	-136.586607	-136.537107	
3.998408	-136.954042	-136.94726	-136.67479	-136.624374	
4.017189	-137.1141	-137.104339	-136.834848	-136.772727	
4.023542	-137.164739	-137.156699	-136.885487	-136.833813	
4.033652	-137.248314	-137.243966	-136.969061	-136.92108	
4.043819	-137.331371	-137.322506	-137.052118	-136.99962	
4.055621	-137.4263	-137.418499	-137.147047	-137.095613	
4.064191	-137.494643	-137.479585	-137.21539	-137.174153	
4.074395	-137.574889	-137.558125	-137.295636	-137.261419	
4.084456	-137.653357	-137.636665	-137.374104	-137.339959	
4.095109	-137.734746	-137.715205	-137.455493	-137.427225	
4.10505	-137.809984	-137.785018	-137.530732	-137.497038	
4.115026	-137.884486	-137.863558	-137.605234	-137.575578	
4.12519	-137.959465	-137.933371	-137.680212	-137.654118	
4.135342	-138.033293	-138.003184	-137.75404	-137.723931	
4.145518	-138.106313	-138.072997	-137.827061	-137.793744	
4.157218	-138.188888	-138.160264	-137.909636	-137.872284	
4.173792	-138.302669	-138.264983	-138.023417	-137.985731	
4.178478	-138.334869	-138.29989	-138.055617	-138.011911	
4.1886	-138.403472	-138.369703	-138.124219	-138.081724	
4.198776	-138.470988	-138.439516	-138.191735	-138.14281	
4.208996	-138.538004	-138.500603	-138.258752	-138.212623	
4.219113	-138.603337	-138.561689	-138.324084	-138.27371	
4.229293	-138.668099	-138.631502	-138.388847	-138.334797	
4.239495	-138.731966	-138.692589	-138.452713	-138.395883	
4.249578	-138.794126	-138.753676	-138.514873	-138.45697	
4.260137	-138.858137	-138.823489	-138.578885	-138.526783	
4.270271	-138.918529	-138.875849	-138.639277	-138.579143	
4.280612	-138.979151	-138.936935	-138.699898	-138.640229	
4.290584	-139.036649	-138.998022	-138.757396	-138.701316	
4.300701	-139.093997	-139.050382	-138.814744	-138.762402	
4.310945	-139.15105	-139.111468	-138.871798	-138.823489	
4.32107	-139.20644	-139.172555	-138.927188	-138.875849	
4.331233	-139.261056	-139.224914	-138.981803	-138.936935	
4.341855	-139.317036	-139.277274	-139.037783	-138.998022	
4.352167	-139.370849	-139.329634	-139.091597	-139.050382	
4.362198	-139.421294	-139.381994	-139.142042	-139.102741	
4.372334	-139.471712	-139.434354	-139.192459	-139.155101	
4.382425	-139.520963	-139.486714	-139.241711	-139.207461	
4.40054	-139.605534	-139.57398	-139.326281	-139.303454	
4.405312	-139.627893	-139.591434	-139.348641	-139.329634	
4.415386	-139.673854	-139.643793	-139.394601	-139.373267	
4.425832	-139.720498	-139.696153	-139.441245	-139.425627	
4.435941	-139.764634	-139.739787	-139.485381	-139.469261	
4.446063	-139.80786	-139.78342	-139.528608	-139.512894	
4.456466	-139.851252	-139.827053	-139.572	-139.556527	
4.466615	-139.892627	-139.870686	-139.613374	-139.60016	
4.476782	-139.933054	-139.905593	-139.653801	-139.635067	
4.486956	-139.972536	-139.949226	-139.693283	-139.6787	
4.497051	-140.010751	-139.992859	-139.731499	-139.713607	
4.507297	-140.048545	-140.027766	-139.769293	-139.748513	
4.517451	-140.085003	-140.062672	-139.80575	-139.78342	
4.527632	-140.120593	-140.097579	-139.841341	-139.818326	
4.537791	-140.155123	-140.132486	-139.87587	-139.853233	
4.547913	-140.188569	-140.167392	-139.909316	-139.879413	
4.558145	-140.221397	-140.202299	-139.942144	-139.905593	
4.568336	-140.253121	-140.237205	-139.973868	-139.940499	
4.578492	-140.283758	-140.263385	-140.004506	-139.966679	
4.588695	-140.313544	-140.289565	-140.034291	-140.001586	
4.598917	-140.342428	-140.324472	-140.063175	-140.027766	
4.609025	-140.370043	-140.350652	-140.09079	-140.053946	
4.619177	-140.396812	-140.376832	-140.117559	-140.080126	
4.629351	-140.422681	-140.394285	-140.143428	-140.106306	
4.63954	-140.447627	-140.420465	-140.168374	-140.132486	
4.649632	-140.471405	-140.437918	-140.192152	-140.158666	
4.659811	-140.494422	-140.464098	-140.21517	-140.184846	
4.670046	-140.516616	-140.481551	-140.237364	-140.202299	
4.680231	-140.537745	-140.499005	-140.258493	-140.219752	
4.690351	-140.55781	-140.516458	-140.278557	-140.237205	
4.700513	-140.577098	-140.533911	-140.297846	-140.254659	
4.710671	-140.595308	-140.542638	-140.316055	-140.272112	
4.720898	-140.612775	-140.560091	-140.333522	-140.289565	
4.731071	-140.629222	-140.568818	-140.34997	-140.307019	
4.741204	-140.644701	-140.586271	-140.365448	-140.315745	
4.751395	-140.659352	-140.603725	-140.3801	-140.324472	
4.761553	-140.673052	-140.612451	-140.393799	-140.341925	
4.771882	-140.686069	-140.621178	-140.406816	-140.350652	
4.782016	-140.697943	-140.638631	-140.41869	-140.359378	
4.792143	-140.708955	-140.647358	-140.429702	-140.368105	
4.802289	-140.719121	-140.656084	-140.439868	-140.376832	
4.812396	-140.728406	-140.664811	-140.449154	-140.376832	
4.822637	-140.736955	-140.673538	-140.457702	-140.385558	
4.840677	-140.748851	-140.682264	-140.469598	-140.394285	
4.845347	-140.752025	-140.690991	-140.472772	-140.394285	
4.855505	-140.757954	-140.690991	-140.478701	-140.394285	
4.867188	-140.763746	-140.690991	-140.484493	-140.403012	
4.883739	-140.769818	-140.690991	-140.490566	-140.411738	
4.888405	-140.7716	-140.690991	-140.492347	-140.411738	
4.898552	-140.774697	-140.690991	-140.495444	-140.411738	
4.908718	-140.777242	-140.690991	-140.49799	-140.411738	
4.918855	-140.779272	-140.690991	-140.50002	-140.411738	
4.929064	-140.784774	-140.690991	-140.505522	-140.411738	
4.939213	-140.784774	-140.690991	-140.505522	-140.411738	
4.949376	-140.784774	-140.690991	-140.505522	-140.411738	
4.96895	-140.784774	-140.690991	-140.505522	-140.411738	
4.973634	-140.784774	-140.690991	-140.505522	-140.411738	
4.983815	-140.784774	-140.690991	-140.505522	-140.411738	
4.993943	-140.784774	-140.690991	-140.505522	-140.411738	
5.004085	-140.784774	-140.690991	-140.505522	-140.411738	
5.014272	-140.784774	-140.690991	-140.505522	-140.411738	
5.025814	-140.784774	-140.690991	-140.505522	-140.411738	
5.035012	-140.784774	-140.690991	-140.505522	-140.411738	
5.045169	-140.784774	-140.690991	-140.505522	-140.411738	
5.055399	-140.784774	-140.690991	-140.505522	-140.411738	
5.065523	-140.784774	-140.690991	-140.505522	-140.411738	
5.075687	-140.784774	-140.690991	-140.505522	-140.411738	
5.085964	-140.784774	-140.690991	-140.505522	-140.411738	
5.096026	-140.784774	-140.690991	-140.505522	-140.411738	
5.10615	-140.784774	-140.690991	-140.505522	-140.411738	
5.116493	-140.784774	-140.690991	-140.505522	-140.411738	
5.126675	-140.784774	-140.690991	-140.505522	-140.411738	
5.136924	-140.784774	-140.690991	-140.505522	-140.411738	
5.147058	-140.784774	-140.690991	-140.505522	-140.411738	
5.157186	-140.784774	-140.690991	-140.505522	-140.411738	
5.167405	-140.784774	-140.690991	-140.505522	-140.411738	
5.177553	-140.784774	-140.690991	-140.505522	-140.411738	
5.187738	-140.784774	-140.690991	-140.505522	-140.411738	
5.197911	-140.784774	-140.690991	-140.505522	-140.411738	
5.218693	-140.784774	-140.690991	-140.505522	-140.411738	
5.223457	-140.784774	-140.690991	-140.505522	-140.411738	
5.233512	-140.784774	-140.690991	-140.505522	-140.411738	
5.243678	-140.784774	-140.690991	-140.505522	-140.411738	
5.253876	-140.784774	-140.690991	-140.505522	-140.411738	
5.263986	-140.784774	-140.690991	-140.505522	-140.411738	
5.275562	-140.784774	-140.690991	-140.505522	-140.411738	
5.284291	-140.784774	-140.690991	-140.505522	-140.411738	
5.294536	-140.784774	-140.690991	-140.505522	-140.411738	
5.304695	-140.784774	-140.690991	-140.505522	-140.411738	
5.31476	-140.784774	-140.690991	-140.505522	-140.411738	
5.325242	-140.784774	-140.690991	-140.505522	-140.411738	
5.3351	-140.784774	-140.690991	-140.505522	-140.411738	
5.345251	-140.784774	-140.690991	-140.505522	-140.411738	
5.355411	-140.784774	-140.690991	-140.505522	-140.411738	
5.365526	-140.784774	-140.690991	-140.505522	-140.411738	
5.377209	-140.784774	-140.690991	-140.505522	-140.411738	
5.393727	-140.784774	-140.690991	-140.505522	-140.411738	
5.398396	-140.784774	-140.690991	-140.505522	-140.411738	
5.40857	-140.784774	-140.690991	-140.505522	-140.411738	
5.41869	-140.784774	-140.690991	-140.505522	-140.411738	
5.428917	-140.784774	-140.690991	-140.505522	-140.411738	
5.439087	-140.784774	-140.690991	-140.505522	-140.411738	
5.449226	-140.784774	-140.690991	-140.505522	-140.411738	
5.459343	-140.784774	-140.690991	-140.505522	-140.411738	
5.469499	-140.784774	-140.690991	-140.505522	-140.411738	
5.480124	-140.784774	-140.690991	-140.505522	-140.411738	
5.490248	-140.784774	-140.690991	-140.505522	-140.411738	
5.500442	-140.784774	-140.690991	-140.505522	-140.411738	
5.510633	-140.784774	-140.690991	-140.505522	-140.411738	
5.52083	-140.784774	-140.690991	-140.505522	-140.411738	
5.530981	-140.784774	-140.690991	-140.505522	-140.411738	
5.541113	-140.784774	-140.690991	-140.505522	-140.411738	
5.551322	-140.784774	-140.690991	-140.505522	-140.411738	
5.561459	-140.784774	-140.690991	-140.505522	-140.411738	
5.571598	-140.784774	-140.690991	-140.505522	-140.411738	
5.581953	-140.784774	-140.690991	-140.505522	-140.411738	
5.591953	-140.784774	-140.690991	-140.505522	-140.411738	
5.602294	-140.784774	-140.690991	-140.505522	-140.411738	
5.612311	-140.784774	-140.690991	-140.505522	-140.411738	
5.622468	-140.784774	-140.690991	-140.505522	-140.411738	
5.632725	-140.784774	-140.690991	-140.505522	-140.411738	
5.642812	-140.784774	-140.690991	-140.505522	-140.411738	
5.652986	-140.784774	-140.690991	-140.505522	-140.411738	
5.6631	-140.784774	-140.690991	-140.505522	-140.411738	
5.6737	-140.784774	-140.690991	-140.505522	-140.411738	
5.683476	-140.784774	-140.690991	-140.505522	-140.411738	
5.693623	-140.784774	-140.690991	-140.505522	-140.411738	
5.7038	-140.784774	-140.690991	-140.505522	-140.411738	
5.713912	-140.784774	-140.690991	-140.505522	-140.411738	
5.724086	-140.784774	-140.690991	-140.505522	-140.411738	
5.734281	-140.784774	-140.690991	-140.505522	-140.411738	
5.744457	-140.784774	-140.690991	-140.505522	-140.411738	
5.754568	-140.784774	-140.690991	-140.505522	-140.411738	
5.764922	-140.784774	-140.690991	-140.505522	-140.411738	
5.775215	-140.784774	-140.690991	-140.505522	-140.411738	
5.785102	-140.784774	-140.690991	-140.505522	-140.411738	
5.795273	-140.784774	-140.690991	-140.505522	-140.411738	
5.805697	-140.784774	-140.690991	-140.505522	-140.411738	
5.815628	-140.784774	-140.690991	-140.505522	-140.411738	
5.834193	-140.784774	-140.690991	-140.505522	-140.411738	
5.838871	-140.784774	-140.690991	-140.505522	-140.411738	
5.849044	-140.784774	-140.690991	-140.505522	-140.411738	
5.859181	-140.784774	-140.690991	-140.505522	-140.411738	
5.869309	-140.784774	-140.690991	-140.505522	-140.411738	
5.879541	-140.784774	-140.690991	-140.505522	-140.411738	
5.889722	-140.784774	-140.690991	-140.505522	-140.411738	
5.899838	-140.784774	-140.690991	-140.505522	-140.411738	
5.910068	-140.784774	-140.690991	-140.505522	-140.411738	
5.920167	-140.784774	-140.690991	-140.505522	-140.411738	
5.930394	-140.784774	-140.690991	-140.505522	-140.411738	
5.940521	-140.784774	-140.690991	-140.505522	-140.411738	
5.950711	-140.784774	-140.690991	-140.505522	-140.411738	
5.960967	-140.784774	-140.690991	-140.505522	-140.411738	
5.971027	-140.784774	-140.690991	-140.505522	-140.411738	
5.981189	-140.784774	-140.690991	-140.505522	-140.411738	
5.992792	-140.784774	-140.690991	-140.505522	-140.411738	
6.002694	-140.784774	-140.690991	-140.505522	-140.411738	
6.012968	-140.784774	-140.690991	-140.505522	-140.411738	
6.025301	-140.784774	-140.690991	-140.505522	-140.411738	
6.03402	-140.784774	-140.690991	-140.505522	-140.411738	
6.043316	-140.784774	-140.690991	-140.505522	-140.411738	
6.053463	-140.784774	-140.690991	-140.505522	-140.411738	
6.063686	-140.784774	-140.690991	-140.505522	-140.411738	
6.073798	-140.784774	-140.690991	-140.505522	-140.411738	
6.08396	-140.784774	-140.690991	-140.505522	-140.411738	
6.09427	-140.784774	-140.690991	-140.505522	-140.411738	
6.104401	-140.784774	-140.690991	-140.505522	-140.411738	
6.114538	-140.784774	-140.690991	-140.505522	-140.411738	
6.124699	-140.784774	-140.690991	-140.505522	-140.411738	
6.134803	-140.784774	-140.690991	-140.505522	-140.411738	
6.145042	-140.784774	-140.690991	-140.505522	-140.411738	
6.155149	-140.784774	-140.690991	-140.505522	-140.411738	
6.16526	-140.784774	-140.690991	-140.505522	-140.411738	
6.175555	-140.784774	-140.690991	-140.505522	-140.411738	
6.185573	-140.784774	-140.690991	-140.505522	-140.411738	
6.204533	-140.784774	-140.690991	-140.505522	-140.411738	
6.209363	-140.784774	-140.690991	-140.505522	-140.411738	
6.219484	-140.784774	-140.690991	-140.505522	-140.411738	
6.22966	-140.784774	-140.690991	-140.505522	-140.411738	
6.239812	-140.784774	-140.690991	-140.505522	-140.411738	
6.25001	-140.784774	-140.690991	-140.505522	-140.411738	
6.26014	-140.784774	-140.690991	-140.505522	-140.411738	
6.270361	-140.784774	-140.690991	-140.505522	-140.411738	
6.280512	-140.784774	-140.690991	-140.505522	-140.411738	
6.29063	-140.784774	-140.690991	-140.505522	-140.411738	
6.300936	-140.784774	-140.690991	-140.505522	-140.411738	
6.31112	-140.784774	-140.690991	-140.505522	-140.411738	
6.321242	-140.784774	-140.690991	-140.505522	-140.411738	
6.331397	-140.784774	-140.690991	-140.505522	-140.411738	
6.341611	-140.784774	-140.690991	-140.505522	-140.411738	
6.351836	-140.784774	-140.690991	-140.505522	-140.411738	
6.361954	-140.784774	-140.690991	-140.505522	-140.411738	
6.372113	-140.784774	-140.690991	-140.505522	-140.411738	
6.382397	-140.784774	-140.690991	-140.505522	-140.411738	
6.392443	-140.784774	-140.690991	-140.505522	-140.411738	
6.402618	-140.784774	-140.690991	-140.505522	-140.411738	
6.412788	-140.784774	-140.690991	-140.505522	-140.411738	
6.423023	-140.784774	-140.690991	-140.505522	-140.411738	
6.433823	-140.784774	-140.690991	-140.505522	-140.411738	
6.443313	-140.784774	-140.690991	-140.505522	-140.411738	
6.453428	-140.784774	-140.690991	-140.505522	-140.411738	
6.463794	-140.784774	-140.690991	-140.505522	-140.411738	
6.473772	-140.784774	-140.690991	-140.505522	-140.411738	
6.483907	-140.784774	-140.690991	-140.505522	-140.411738	
6.506285	-140.784774	-140.690991	-140.505522	-140.411738	
6.517208	-140.784774	-140.690991	-140.505522	-140.411738	
