0.03703724	
0.04182815	
0.05182294	
0.06224473	
0.07250252	
0.08261931	
0.09276611	
0.1028919	
0.1131007	
0.1233315	
0.1334093	
0.1435591	
0.1538189	
0.1638897	
0.1740594	
0.1842192	
0.194672	
0.2045428	
0.2146696	
0.2248804	
0.2350092	
0.2452	
0.2553578	
0.2655246	
0.2756324	
0.2857872	
0.296017	
0.3062008	
0.3162965	
0.3264613	
0.3366001	
0.3467999	
0.3569247	
0.3670815	
0.3773003	
0.3874381	
0.3980679	
0.4082207	
0.4185445	
0.4285163	
0.438633	
0.4488178	
0.4589996	
0.4691074	
0.4792562	
0.489419	
0.4995618	
0.5097536	
0.5198714	
0.5300722	
0.540239	
0.5503448	
0.5605176	
0.5706754	
0.5807881	
0.5909449	
0.6011007	
0.6115655	
0.6214003	
0.6316111	
0.6418079	
0.6518227	
0.6623095	
0.6724933	
0.6826111	
0.6927719	
0.7028957	
0.7133144	
0.7311751	
0.73552	
0.7457648	
0.7558796	
0.7660254	
0.7761522	
0.7863499	
0.7964837	
0.8066525	
0.8167813	
0.8270051	
0.8371369	
0.8472997	
0.8574565	
0.8676703	
0.8778081	
0.8880089	
0.8981187	
0.9082405	
0.9184123	
0.928688	
0.9388348	
0.9489226	
0.9590934	
0.9692202	
0.979455	
0.9895488	
0.9997906	
1.009971	
1.020031	
1.030289	
1.040819	
1.050525	
1.060653	
1.070806	
1.080916	
1.091126	
1.101249	
1.111396	
1.121604	
1.131757	
1.141856	
1.152015	
1.162184	
1.172339	
1.182513	
1.19272	
1.203703	
1.213008	
1.223162	
1.233337	
1.243531	
1.253712	
1.26388	
1.274051	
1.28418	
1.294305	
1.304574	
1.314671	
1.324758	
1.334951	
1.345137	
1.355314	
1.365432	
1.375587	
1.385799	
1.395912	
1.406054	
1.41633	
1.426406	
1.43653	
1.446684	
1.456878	
1.467036	
1.477184	
1.487372	
1.497497	
1.507701	
1.517819	
1.527903	
1.53817	
1.548344	
1.558435	
1.568676	
1.578776	
1.589313	
1.599046	
1.609173	
1.621434	
1.639831	
1.64425	
1.654471	
1.664629	
1.674744	
1.684898	
1.695048	
1.705221	
1.715461	
1.725523	
1.735669	
1.745954	
1.756011	
1.766196	
1.776307	
1.786499	
1.79664	
1.806789	
1.816925	
1.827103	
1.837252	
1.847414	
1.866007	-6.40018958	-6.40535835	-4.40178759	-4.40695636	
1.870598	-6.39902313	-6.40535835	-4.40062114	-4.40695636	
1.880749	-6.3951272	-6.40535835	-4.39672521	-4.40695636	
1.890916	-6.39018852	-6.40535835	-4.39178653	-4.40695636	
1.901074	-6.38422422	-6.40535835	-4.38582223	-4.39822972	
1.911153	-6.37729758	-6.40535835	-4.37889558	-4.39822972	
1.921576	-6.36902507	-6.39663171	-4.37062307	-4.39822972	
1.939517	-6.35090197	-6.38790506	-4.35249998	-4.38950307	
1.944007	-6.3464625	-6.38790506	-4.34806051	-4.38077642	
1.955303	-6.33363304	-6.37917842	-4.33523105	-4.38077642	
1.964406	-6.32258473	-6.37045177	-4.32418273	-4.36332313	
1.974583	-6.30912844	-6.35299848	-4.31072645	-4.35459648	
1.98477	-6.29462068	-6.33554518	-4.29621868	-4.33714319	
1.99485	-6.27925295	-6.31809189	-4.28085096	-4.3196899	
2.005049	-6.26265556	-6.30936525	-4.26425357	-4.30223661	
2.015178	-6.24515301	-6.28318531	-4.24675101	-4.28478331	
2.02563	-6.22511011	-6.27445866	-4.22670812	-4.27605667	
2.035615	-6.20669414	-6.24827872	-4.20829214	-4.25860337	
2.045658	-6.18628806	-6.23082543	-4.18788607	-4.24115008	
2.057128	-6.16156867	-6.21337214	-4.16316668	-4.22369679	
2.066153	-6.14143022	-6.19591884	-4.14302822	-4.2062435	
2.076251	-6.11781345	-6.17846555	-4.11941146	-4.1887902	
2.086388	-6.09308609	-6.15228561	-4.09468409	-4.17133691	
2.096557	-6.06722668	-6.12610567	-4.06882468	-4.14515697	
2.106748	-6.04028483	-6.10865238	-4.04188283	-4.11897703	
2.116872	-6.01250745	-6.08247244	-4.01410546	-4.0927971	
2.127022	-5.98361298	-6.0562925	-3.98521099	-4.06661716	
2.137195	-5.95361058	-6.02138592	-3.95520858	-4.03171057	
2.147368	-5.92257906	-5.99520598	-3.92417707	-3.99680399	
2.158864	-5.88514673	-5.9602994	-3.88674473	-3.95317076	
2.167714	-5.8573655	-5.92539281	-3.85896351	-3.91826417	
2.186026	-5.79368827	-5.85557964	-3.79528628	-3.83972435	
2.190554	-5.778071	-5.83812635	-3.77966901	-3.82227106	
2.201034	-5.74044783	-5.79449312	-3.74204584	-3.77863783	
2.210834	-5.70434431	-5.75085989	-3.70594232	-3.7350046	
2.221041	-5.66570228	-5.70722665	-3.66730028	-3.69137137	
2.231172	-5.62632209	-5.66359342	-3.6279201	-3.64773814	
2.241305	-5.58589523	-5.61996019	-3.58749324	-3.60410491	
2.252046	-5.54184784	-5.56760031	-3.54344585	-3.56047167	
2.263587	-5.49312868	-5.51524044	-3.49472669	-3.5081118	
2.273382	-5.45096805	-5.48033385	-3.45256606	-3.47320521	
2.283668	-5.40556042	-5.42797397	-3.40715843	-3.42957198	
2.293783	-5.3599113	-5.38434074	-3.3615093	-3.38593875	
2.303893	-5.31326328	-5.34070751	-3.31486129	-3.35103216	
2.314173	-5.26474612	-5.30580093	-3.26634413	-3.30739893	
2.324247	-5.21622594	-5.25344105	-3.21782395	-3.27249235	
2.334442	-5.1660425	-5.20980782	-3.16764051	-3.22885912	
2.344589	-5.1150623	-5.16617459	-3.11666031	-3.18522588	
2.354698	-5.06329434	-5.12254135	-3.06489234	-3.13286601	
2.365393	-5.00729606	-5.07018148	-3.00889406	-3.08923278	
2.375151	-4.95535915	-5.02654825	-2.95695715	-3.0368729	
2.385552	-4.89883908	-4.96546172	-2.90043708	-2.98451302	
2.395612	-4.84318208	-4.91310184	-2.84478008	-2.9234265	
2.405687	-4.786455	-4.85201532	-2.78805301	-2.87106662	
2.415968	-4.72744193	-4.7909288	-2.72903994	-2.8099801	
2.426138	-4.66808369	-4.72984227	-2.6696817	-2.74889357	
2.436192	-4.60839194	-4.66875575	-2.60998995	-2.6790804	
2.44635	-4.54703336	-4.60766923	-2.54863137	-2.60926723	
2.456521	-4.48458608	-4.53785606	-2.48618409	-2.53945406	
2.467028	-4.418903	-4.46804289	-2.42050101	-2.46964089	
2.476899	-4.35630838	-4.39822972	-2.35790639	-2.39982772	
2.487045	-4.29090687	-4.32841654	-2.29250487	-2.33001455	
2.497238	-4.22412768	-4.25860337	-2.22572569	-2.25147474	
2.507403	-4.15656043	-4.1887902	-2.15815844	-2.18166156	
2.517552	-4.08762258	-4.11025039	-2.08922058	-2.11184839	
2.527688	-4.01855325	-4.04043722	-2.02015126	-2.04203522	
2.537857	-3.94783563	-3.97062405	-1.94943363	-1.97222205	
2.548012	-3.87615621	-3.90081088	-1.87775422	-1.90240888	
2.558157	-3.80353997	-3.83099771	-1.80513798	-1.84132236	
2.568864	-3.72567998	-3.75245789	-1.72727798	-1.76278254	
2.578539	-3.65455316	-3.69137137	-1.65615117	-1.70169602	
2.588659	-3.57903836	-3.61283155	-1.58063636	-1.63188285	
2.598865	-3.50180508	-3.54301838	-1.50340308	-1.56206968	
2.609327	-3.42155003	-3.47320521	-1.42314803	-1.49225651	
2.619148	-3.34527911	-3.40339204	-1.34687712	-1.41371669	
2.629285	-3.26552654	-3.31612558	-1.26712455	-1.34390352	
2.639461	-3.18437313	-3.24631241	-1.18597114	-1.26536371	
2.649573	-3.10280002	-3.15904595	-1.10439803	-1.18682389	
2.659721	-3.0198393	-3.08050613	-1.02143731	-1.09955743	
2.670332	-2.93190958	-3.00196631	-0.933507582	-1.01229097	
2.68019	-2.84935705	-2.91469985	-0.850955056	-0.925024504	
2.690329	-2.7634263	-2.82743339	-0.765024309	-0.837758041	
2.700659	-2.67470394	-2.73144028	-0.676301946	-0.741764932	
2.710901	-2.58573544	-2.63544717	-0.58733345	-0.645771823	
2.720753	-2.49923852	-2.54818071	-0.500836528	-0.541052068	
2.730844	-2.4096129	-2.4521876	-0.411210903	-0.445058959	
2.741043	-2.31793697	-2.35619449	-0.319534975	-0.34906585	
2.751128	-2.22632926	-2.26020138	-0.227927264	-0.253072742	
2.761345	-2.13238816	-2.16420827	-0.133986164	-0.148352986	
2.779621	-1.96029585	-1.98967535	0.0381061409	0.0174532925	
2.784213	-1.91724007	-1.93731547	0.0811619273	0.0698131701	
2.794366	-1.82059374	-1.85004901	0.177808257	0.157079633	
2.804699	-1.72114724	-1.74532925	0.277254754	0.253072742	
2.814641	-1.62445531	-1.64933614	0.373946682	0.34906585	
2.82487	-1.52398128	-1.55334303	0.474420711	0.436332313	
2.835005	-1.42339895	-1.45734993	0.575003048	0.532325422	
2.845155	-1.3216066	-1.36135682	0.676795398	0.637045177	
2.85529	-1.21894832	-1.26536371	0.779453675	0.733038286	
2.865474	-1.1147437	-1.1693706	0.883658294	0.829031395	
2.875828	-1.00768724	-1.06465084	0.990714749	0.925024504	
2.886709	-0.894012839	-0.959931089	1.10438915	1.02974426	
2.896064	-0.795530224	-0.86393798	1.20287177	1.13446401	
2.906221	-0.68749651	-0.759218225	1.31090548	1.24791042	
2.916339	-0.578780096	-0.654498469	1.4196219	1.35263017	
2.926539	-0.468159425	-0.541052068	1.53024257	1.46607657	
2.936751	-0.356453354	-0.436332313	1.64194864	1.58824962	
2.946879	-0.2445901	-0.322885912	1.75381189	1.69296937	
2.956989	-0.131949635	-0.20943951	1.86645236	1.81514242	
2.967142	-0.0177064919	-0.104719755	1.9806955	1.92858882	
2.977661	0.101825961	0.0174532925	2.10022795	2.04203522	
2.987822	0.218123551	0.13962634	2.21652554	2.16420827	
2.997929	0.33492513	0.261799388	2.33332712	2.28638132	
3.008086	0.453291628	0.383972435	2.45169362	2.40855437	
3.018268	0.573082241	0.523598776	2.57148423	2.53072742	
3.028632	0.698381829	0.645771823	2.69678382	2.65290046	
3.038589	0.815089363	0.776671517	2.81349136	2.77507351	
3.048828	0.938622745	0.907571211	2.93702474	2.89724656	
3.058892	1.06102416	1.0384709	3.05942615	3.01941961	
3.069367	1.1896182	1.16064395	3.18802019	3.1503193	
3.079277	1.31219611	1.29154365	3.3105981	3.27249235	
3.089409	1.43848198	1.42244334	3.43688397	3.3946654	
3.09964	1.56710408	1.54461639	3.56550607	3.52556509	
3.109662	1.69414343	1.67551608	3.69254543	3.64773814	
3.119865	1.82454026	1.79768913	3.82294225	3.76991118	
3.130158	1.9570475	1.92858882	3.9554495	3.89208423	
3.148087	2.1918595	2.15548163	4.19026149	4.12770368	
3.152675	2.25180913	2.21656815	4.25021112	4.1887902	
3.162768	2.38508677	2.3387412	4.38348877	4.31096325	
3.173943	2.53405468	2.46964089	4.53245667	4.45058959	
3.183199	2.65806654	2.60054059	4.65646854	4.58148929	
3.193321	2.79482195	2.73144028	4.79322394	4.72111563	
3.203583	2.93447407	2.86233997	4.93287607	4.86074197	
3.213632	3.07225295	3.00196631	5.07065494	4.99164166	
3.231878	3.32654887	3.24631241	5.32495086	5.2447144	
3.236451	3.39014462	3.30739893	5.38854661	5.31452757	
3.246783	3.53525756	3.45575192	5.53365955	5.45415391	
3.256794	3.67680531	3.59537826	5.6752073	5.6025069	
3.266897	3.82079417	3.7350046	5.81919616	5.74213324	
3.27878	3.99167281	3.90953752	5.9900748	5.91666616	
3.287259	4.1139979	4.04043722	6.11239989	6.04756586	
3.297403	4.26158104	4.1887902	6.25998303	6.19591884	
3.315475	4.52854558	4.46804289	6.52694758	6.47517152	
3.320004	4.59536984	4.53785606	6.59377183	6.54498469	
3.330339	4.749206	4.70366233	6.74760799	6.70206433	
3.340331	4.89875354	4.85201532	6.89715553	6.85041731	
3.350497	5.05206993	5.00909495	7.05047192	6.9987703	
3.360642	5.2061131	5.16617459	7.20451509	7.15584993	
3.371038	5.36512291	5.33198086	7.3635249	7.31292957	
3.381818	5.53112492	5.49778714	7.52952691	7.47873584	
3.399554	5.80791647	5.76831318	7.80631847	7.74926188	
3.404152	5.87956811	5.83812635	7.87797011	7.81907505	
3.414266	6.03857909	5.99520598	8.03698108	7.97615468	
3.424709	6.20393363	6.15228561	8.20233562	8.13323431	
3.434832	6.36502496	6.30936525	8.36342695	8.29904059	
3.444955	6.52723669	6.46644488	8.52563868	8.45612023	
3.455103	6.68965269	6.62352451	8.68805468	8.6219265	
3.465239	6.85186069	6.78060414	8.85026268	8.77900614	
3.475436	7.01498069	6.94641042	9.01338268	8.94481242	
3.485693	7.17909269	7.10349006	9.17749468	9.11934534	
3.495788	7.34058069	7.26929633	9.33898268	9.28515162	
3.506564	7.51307669	7.44382926	9.51147868	9.45968455	
3.516141	7.66622869	7.60963554	9.66463068	9.61676418	
3.526235	7.82776469	7.77544182	9.82616668	9.78257046	
3.536468	7.99149269	7.9412481	9.98989468	9.94837674	
3.546629	8.15408469	8.11578102	10.1524867	10.114183	
3.556767	8.31622869	8.2815873	10.3146307	10.2799893	
3.566913	8.47858069	8.44739358	10.4769827	10.4370689	
3.577068	8.64101269	8.6219265	10.6394147	10.6028752	
3.587457	8.80738069	8.78773278	10.8057827	10.7686815	
3.597427	8.96678869	8.95353906	10.9651907	10.9257611	
3.607697	9.13114069	9.11934534	11.1295427	11.0915674	
3.618228	9.30261269	9.28515162	11.3010147	11.2573737	
3.628544	9.46472469	9.45968455	11.4631267	11.42318	
3.638652	9.62642069	9.61676418	11.6248227	11.5889862	
3.651021	9.82442069	9.81747704	11.8228227	11.7809725	
3.658924	9.95080469	9.93965009	11.9492067	11.9118721	
3.669093	10.1134607	10.1054564	12.1118627	12.0689518	
3.679585	10.2813647	10.262536	12.2797667	12.2347581	
3.689761	10.4442287	10.4283423	12.4426307	12.4005643	
3.699889	10.6062287	10.5854219	12.6046307	12.5663706	
3.710037	10.7685967	10.7425015	12.7669987	12.7234502	
3.720216	10.9314607	10.8995812	12.9298627	12.8892565	
3.730786	11.1005807	11.0653875	13.0989827	13.0550628	
3.740625	11.2579727	11.2137404	13.2563747	13.2121424	
3.750648	11.4183887	11.3708201	13.4167907	13.3692221	
3.760848	11.5815407	11.5191731	13.5799427	13.5263017	
3.770909	11.7425487	11.6849793	13.7409507	13.692108	
3.781115	11.9058607	11.842059	13.9042627	13.8579143	
3.791323	12.0692367	12.0078653	14.0676387	14.0149939	
3.801472	12.2315407	12.1649449	14.2299427	14.1808002	
3.819544	12.5207247	12.4616509	14.5191267	14.4687795	
3.824099	12.5935247	12.531464	14.5919267	14.5385927	
3.834366	12.7578287	12.6972703	14.7562307	14.7043989	
3.844434	12.9189327	12.8630766	14.9173347	14.8702052	
3.854656	13.0825327	13.0288829	15.0809347	15.0360115	
3.864875	13.2460047	13.1946891	15.2444067	15.2018178	
3.874925	13.4068047	13.3692221	15.4052067	15.3676241	
3.887367	13.6060207	13.5350283	15.6044227	15.5247037	
3.895259	13.7321167	13.7008346	15.7305187	15.69051	
3.905385	13.8941487	13.8666409	15.8925507	15.8563163	
3.915554	14.0568527	14.0324472	16.0552547	16.0221225	
3.925682	14.2189007	14.2069801	16.2173027	16.1792022	
3.935889	14.3822927	14.3727864	16.3806947	16.3450084	
3.946086	14.5453487	14.5385927	16.5437507	16.5020881	
3.95618	14.7069007	14.6956723	16.7053027	16.6678944	
3.966352	14.8696047	14.8702052	16.8680067	16.824974	
3.976479	15.0316367	15.0272849	17.0300387	16.9907803	
3.988292	15.2207727	15.1843645	17.2191747	17.1478599	
3.99689	15.3582607	15.3414441	17.3566627	17.3136662	
4.007003	15.5199727	15.4985238	17.5183747	17.4707458	
4.017151	15.6823567	15.66433	17.6807587	17.6365521	
4.027454	15.8472367	15.8214097	17.8456387	17.8023584	
4.03768	16.0108847	15.9784893	18.0092867	17.959438	
4.047823	16.1731727	16.1355689	18.1715747	18.1252443	
4.06612	16.4659407	16.4235483	18.4643427	18.4219503	
4.070709	16.5393167	16.4933614	18.5377187	18.4917634	
4.081098	16.7055727	16.6504411	18.7039747	18.6575697	
4.092518	16.8883887	16.8337006	18.8867907	18.8408293	
4.10121	17.0273327	16.9820536	19.0257347	18.9804556	
4.111335	17.1893487	17.1391333	19.1877507	19.1462619	
4.121508	17.3520847	17.3049395	19.3504867	19.3033415	
4.139592	17.6414927	17.5929189	19.6398947	19.6000475	
4.144204	17.7152527	17.662732	19.7136547	19.6698607	
4.154423	17.8787567	17.837265	19.8771587	19.8269403	
4.164596	18.0415087	17.9943446	20.0399107	19.9927466	
4.174703	18.2032367	18.1601509	20.2016387	20.1585529	
4.184875	18.3659567	18.3259571	20.3643587	20.3156325	
4.195185	18.5310287	18.4917634	20.5294307	20.4814388	
4.205356	18.6937007	18.6575697	20.6921027	20.6472451	
4.21542	18.8546447	18.8146493	20.8530467	20.8043247	
4.225659	19.0185167	18.9804556	21.0169187	20.9614043	
4.23583	19.1812367	19.1462619	21.1796387	21.1359372	
4.245998	19.3439727	19.3033415	21.3423747	21.2930169	
4.256163	19.5065967	19.4691478	21.5049987	21.4588232	
4.266424	19.6707887	19.6349541	21.6691907	21.6246294	
4.276441	19.8310767	19.7920337	21.8294787	21.7817091	
4.286606	19.9936367	19.95784	21.9920387	21.9475153	
4.296935	20.1590447	20.1149196	22.1574467	22.1133216	
4.307031	20.3204367	20.2807259	22.3188387	22.2704013	
4.317145	20.4822447	20.4465322	22.4806467	22.4274809	
4.327331	20.6452847	20.6036118	22.6436867	22.5932872	
4.337428	20.8068047	20.7694181	22.8052067	22.7590934	
4.347752	20.9720207	20.9352244	22.9704227	22.9161731	
4.357818	21.1331087	21.1010307	23.1315107	23.0819794	
4.367952	21.2952367	21.2581103	23.2936387	23.2477856	
4.378187	21.4589807	21.4239166	23.4573827	23.4048653	
4.38824	21.6198607	21.5897228	23.6182627	23.5706715	
4.398523	21.7843887	21.7468025	23.7827907	23.7364778	
4.40866	21.9466127	21.9213354	23.9450147	23.8935575	
4.418964	22.1114607	22.078415	24.1098627	24.0593637	
4.429038	22.2725967	22.2354947	24.2709987	24.2164434	
4.439412	22.4385967	22.4100276	24.4369987	24.3822497	
4.449305	22.5968687	22.5671072	24.5952707	24.5480559	
4.459439	22.7589807	22.7241869	24.7573827	24.7051356	
4.469601	22.9215887	22.8899931	24.9199907	24.8709418	
4.479793	23.0846607	23.0557994	25.0830627	25.0367481	
4.489917	23.2466767	23.2128791	25.2450787	25.2025544	
4.500432	23.4149967	23.387412	25.4133987	25.3683607	
4.510329	23.5732047	23.5444916	25.5716067	25.534167	
4.520401	23.7343727	23.7015712	25.7327747	25.6912466	
4.530575	23.8971727	23.8673775	25.8955747	25.8570529	
4.541034	24.0645647	24.0331838	26.0629667	26.0228591	
4.550856	24.2217007	24.1902634	26.2201027	26.1799388	
4.5611	24.3856367	24.3473431	26.3840387	26.3370184	
4.571206	24.5472367	24.5044227	26.5456387	26.5028247	
4.581322	24.7091247	24.670229	26.7075267	26.668631	
4.591483	24.8717647	24.8273086	26.8701667	26.8257106	
4.601805	25.0370127	24.9931149	27.0354147	27.0002435	
4.611959	25.1993647	25.1501945	27.1977667	27.1573232	
4.622114	25.3617967	25.3072742	27.3601987	27.3144028	
4.632266	25.5242127	25.4730804	27.5226147	27.4802091	
4.642603	25.6896847	25.6388867	27.6880867	27.6460154	
4.652715	25.8513967	25.7959663	27.8497987	27.803095	
4.662937	26.0149807	25.9617726	28.0133827	27.9689013	
4.673133	26.1781167	26.1275789	28.1765187	28.1259809	
4.683353	26.3417327	26.2933852	28.3401347	28.2917872	
4.693381	26.5021167	26.4591915	28.5005187	28.4488668	
4.703686	26.6669647	26.6249977	28.6653667	28.6146731	
4.713799	26.8287567	26.790804	28.8271587	28.7717527	
4.723961	26.9912847	26.9566103	28.9896867	28.937559	
4.734067	27.1530287	27.1224166	29.1514307	29.0946386	
4.744271	27.3163727	27.2882229	29.3147747	29.2604449	
4.754479	27.4796687	27.4453025	29.4780707	29.4262512	
4.764604	27.6416207	27.6111088	29.6400227	29.5833308	
4.774725	27.8035247	27.776915	29.8019267	29.7491371	
4.784959	27.9673007	27.9339947	29.9657027	29.9149434	
4.795052	28.1288047	28.099801	30.1272067	30.072023	
4.805581	28.2973647	28.2656072	30.2957667	30.2465559	
4.815412	28.4545807	28.4226869	30.4529827	30.4036356	
4.825585	28.6173167	28.5884931	30.6157187	30.5694418	
4.843661	28.9065807	28.8677458	30.9049827	30.8574212	
4.848245	28.9799887	28.9462856	30.9783907	30.935961	
4.858466	29.1434287	29.1120919	31.1418307	31.1017673	
4.868592	29.3054447	29.2691716	31.3038467	31.2588469	
4.878783	29.4685807	29.4349778	31.4669827	31.4333798	
4.889741	29.6439247	29.6007841	31.6423267	31.5904595	
4.89941	29.7986127	29.7578637	31.7970147	31.7562657	
4.909256	29.9561647	29.92367	31.9545667	31.922072	
4.919348	30.1175247	30.0894763	32.1159267	32.0791517	
4.929568	30.2811087	30.2465559	32.2795107	32.2449579	
4.939713	30.4433807	30.4036356	32.4417827	32.4107642	
4.949847	30.6055567	30.5694418	32.6039587	32.5678438	
4.959969	30.7675247	30.7352481	32.7659267	32.7249235	
4.970681	30.9372148	30.8923278	32.9356168	32.8907298	
4.980367	31.08972	31.0494074	33.0881219	33.056536	
4.9905	31.248187	31.2152137	33.2465889	33.2136157	
5.001023	31.411785	31.38102	33.410187	33.3794219	
5.011129	31.5678283	31.5380996	33.5662303	33.5452282	
5.020946	31.7183713	31.6951792	33.7167733	33.7023079	
5.031115	31.8733271	31.8522588	33.8717291	33.8593875	
5.041273	32.0271769	32.0093385	34.0255789	34.0164671	
5.051467	32.1804285	32.1751448	34.1788305	34.1735468	
5.061674	32.3328808	32.3322244	34.3312828	34.3306264	
5.071851	32.4838391	32.489304	34.4822411	34.487706	
5.08199	32.6331672	32.637657	34.6315692	34.636059	
5.092096	32.7810223	32.7947366	34.7794243	34.784412	
5.102494	32.9321292	32.9518163	34.9305312	34.932765	
5.112558	33.0773765	33.0914426	35.0757785	35.081118	
5.122745	33.2232299	33.2397956	35.2216319	35.2207443	
5.132879	33.367375	33.3881486	35.365777	35.3603706	
5.142957	33.5097426	33.5277749	35.5081446	35.5087236	
5.153275	33.6544132	33.6761279	35.6528152	35.64835	
5.163375	33.795022	33.8157543	35.793424	35.7879763	
5.173522	33.9352983	33.946654	35.9337003	35.918876	
5.18375	34.0755661	34.0862803	36.0739681	36.0585023	
5.193854	34.2131366	34.21718	36.2115386	36.1981287	
5.204071	34.3512815	34.3480797	36.3496834	36.3290284	
5.214602	34.4925489	34.487706	36.4909508	36.4599281	
5.224415	34.6231324	34.6186057	36.6215344	36.5995544	
5.234644	34.7582721	34.7495054	36.7566741	36.7304541	
5.244661	34.8895712	34.8716785	36.8879732	36.8613538	
5.254895	35.0227661	35.0025781	37.0211681	37.0009801	
5.265095	35.1544207	35.1334778	37.1528227	37.1318798	
5.275195	35.2838254	35.2643775	37.2822274	37.2627795	
5.28539	35.4133449	35.3952772	37.4117469	37.4024059	
5.295519	35.5410339	35.5261769	37.5394359	37.5333056	
5.306053	35.6728396	35.6570766	37.6712415	37.6729319	
5.316102	35.7973927	35.7879763	37.7957947	37.795105	
5.326116	35.9205177	35.918876	37.9189197	37.9260046	
5.336243	36.0441174	36.0410491	38.0425194	38.0481777	
5.346532	36.168549	36.1719487	38.166951	38.1703507	
5.356561	36.2889085	36.2941218	38.2873104	38.2925238	
5.366759	36.4102538	36.4162948	38.4086557	38.4146968	
5.376945	36.5304492	36.5384679	38.5288512	38.5368699	
5.387091	36.6491054	36.6519143	38.6475074	38.6503163	
5.397251	36.7668881	36.7740873	38.7652901	38.7724893	
5.407392	36.8834193	36.8962604	38.8818213	38.8859357	
5.418126	37.0057489	37.0097068	39.0041509	39.0081088	
5.435777	37.2029273	37.2104197	39.2013293	39.200095	
5.44043	37.2549783	37.2540529	39.2533803	39.2524549	
5.450612	37.3676448	37.3674993	39.3660468	39.3571746	
5.461058	37.4821581	37.472219	39.4805601	39.470621	
5.470892	37.5890017	37.5769388	39.5874037	39.5753408	
5.481089	37.6988039	37.6816586	39.6972059	39.6800605	
5.491207	37.8066702	37.7863783	39.8050722	39.7847803	
5.501362	37.913928	37.8910981	39.91233	39.8895001	
5.512523	38.0305928	37.9958178	40.0289948	39.9942198	
5.529906	38.2086021	38.187804	40.2070041	40.186206	
5.534549	38.2561804	38.2401639	40.2545824	40.2385659	
5.544707	38.3591276	38.3448837	40.3575296	40.3432857	
5.554854	38.4609144	38.4496034	40.4593164	40.4480054	
5.56506	38.5622689	38.5543232	40.5606709	40.5527252	
5.575201	38.6619826	38.6503163	40.6603846	40.6487183	
5.585406	38.7612435	38.755036	40.7596454	40.753438	
5.595552	38.8589438	38.8510291	40.8573458	40.8581578	
5.605667	38.9553351	38.9557489	40.9537371	40.9541509	
5.617195	39.0638801	39.077922	41.062282	41.0675973	
5.637036	39.2458282	39.2699082	41.2442302	41.2421302	
5.649585	39.3597887	39.3833546	41.3581907	41.3643033	
5.654163	39.4013007	39.4269878	41.3997027	41.3992099	
5.664384	39.4927931	39.5142543	41.4911951	41.4864763	
5.674585	39.5830537	39.6102474	41.5814556	41.5824694	
5.68469	39.6714361	39.6887872	41.6698381	41.6610092	
5.694834	39.7591773	39.7760537	41.7575793	41.7570024	
5.705059	39.8465751	39.8633201	41.8449771	41.8355422	
5.715895	39.9380878	39.9418599	41.9364897	41.9228086	
5.725407	40.0174827	40.0203997	42.0158847	42.0100751	
5.735523	40.1008755	40.0989396	42.0992774	42.0886149	
5.74569	40.1837169	40.1774794	42.1821189	42.1758814	
5.763788	40.3272409	40.3171057	42.3256429	42.3155077	
5.768419	40.3640607	40.3520123	42.3624627	42.3504143	
5.778623	40.4439163	40.4218255	42.4423183	42.4289541	
5.788795	40.5224214	40.5003653	42.5208234	42.4987673	
5.79889	40.5994248	40.5789051	42.5978268	42.5860337	
5.80949	40.679132	40.6574449	42.677534	42.6558469	
5.820827	40.7630605	40.7447114	42.7614625	42.7431134	
5.829386	40.8258153	40.8145246	42.8242173	42.8041999	
5.83957	40.8993497	40.8930644	42.8977517	42.8827397	
5.849703	40.9715394	40.9628775	42.9699414	42.9525529	
5.859917	41.0433064	41.0414174	43.0417084	43.0310927	
5.87003	41.1133383	41.1199572	43.1117403	43.1009059	
5.880205	41.182782	41.1897703	43.181184	43.1794457	
5.891127	41.2561682	41.2595835	43.2545702	43.2492589	
5.900521	41.3184148	41.3381233	43.3168168	43.319072	
5.910933	41.386331	41.4079365	43.384733	43.3976119	
5.922478	41.4603016	41.4864763	43.4587036	43.4761517	
5.930982	41.5141702	41.5388362	43.5125722	43.5285115	
5.941115	41.5772957	41.6086494	43.5756977	43.5895981	
5.95121	41.6391608	41.6610092	43.6375628	43.6506846	
5.961384	41.7005613	41.7220958	43.6989633	43.7117711	
5.971569	41.7609735	41.7831823	43.7593755	43.7728576	
5.981759	41.8204081	41.8355422	43.8188101	43.8252175	
5.991862	41.878339	41.887902	43.876741	43.8775774	
6.002039	41.9356926	41.9402619	43.9340946	43.9299373	
6.012163	41.9917305	41.9926218	43.9901325	43.9822972	
6.02391	42.0555294	42.0449817	44.0539314	44.0433837	
6.032551	42.1015357	42.0886149	44.0999377	44.0870169	
6.042797	42.1552073	42.1322481	44.1536093	44.1306501	
6.052874	42.2070008	42.184608	44.2054028	44.18301	
6.062989	42.2580153	42.2369679	44.2564173	44.2266432	
6.073262	42.3087952	42.2806011	44.3071972	44.2790031	
6.083383	42.3578247	42.332961	44.3562267	44.3226364	
6.093499	42.4058446	42.3765942	44.4042466	44.3749962	
6.103685	42.4532036	42.4289541	44.4516056	44.4186295	
6.113813	42.4992954	42.481314	44.4976974	44.4709893	
6.125563	42.5513693	42.5336739	44.5497713	44.5233492	
6.134292	42.5894154	42.5773071	44.5878173	44.5669824	
6.144629	42.6333797	42.6209403	44.6317817	44.6193423	
6.154652	42.6750488	42.6645736	44.6734508	44.6629756	
6.164718	42.7159129	42.7169334	44.7143149	44.7153354	
6.174918	42.7564725	42.7605667	44.7548745	44.7589687	
6.185144	42.7958372	42.7954733	44.7942392	44.8026019	
6.19526	42.8339509	42.8478331	44.8323529	44.8462351	
6.205409	42.8712125	42.8827397	44.8696145	44.8898684	
6.215544	42.9074313	42.9176463	44.9058333	44.9247749	
6.227223	42.9477872	42.9612795	44.9461892	44.9684082	
6.23605	42.9776617	42.9874595	44.9760637	44.9945881	
6.246085	43.0105905	43.0223661	45.0089925	45.0294947	
6.256301	43.0431549	43.048546	45.0415569	45.046948	
6.266496	43.074632	43.0747259	45.073034	45.0818546	
6.276565	43.1047855	43.1096325	45.1031874	45.1080345	
6.286784	43.1343841	43.1358125	45.1327861	45.1342145	
6.296925	43.1628168	43.1532658	45.1612188	45.1516677	
6.307089	43.1903105	43.1794457	45.1887125	45.169121	
6.317212	43.2167509	43.196899	45.2151529	45.1865743	
6.328866	43.2458558	43.2143523	45.2442578	45.2040276	
6.337728	43.2673465	43.2318056	45.2657485	45.2214809	
6.347762	43.2907002	43.2492589	45.2891021	45.2389342	
6.357971	43.3134922	43.2754388	45.3118942	45.2563875	
6.368179	43.3353304	43.2841654	45.3337324	45.2738408	
6.378265	43.3559507	43.3103454	45.3543527	45.3000207	
6.388397	43.3757375	43.3277987	45.3741395	45.3262007	
6.398552	43.3946286	43.3539786	45.3930306	45.343654	
6.40867	43.4125342	43.3714319	45.4109362	45.3698339	
6.419475	43.4305611	43.3888852	45.4289631	45.3960138	
6.430499	43.4478539	43.4150651	45.4462559	45.4221938	
6.439234	43.4609641	43.4325184	45.4593661	45.4483737	
6.449401	43.4752447	43.4586984	45.4736467	45.465827	
6.459512	43.4885587	43.4761517	45.4869607	45.4832803	
6.469678	43.5010395	43.493605	45.4994415	45.5007336	
6.479832	43.5126556	43.5110583	45.5110575	45.5181869	
6.489982	43.5233177	43.5285115	45.5217196	45.5356402	
6.508169	43.5390937	43.5634181	45.5374957	45.5530935	
6.512783	43.5431897	43.5634181	45.5415917	45.5618201	
6.522988	43.5511968	43.5721448	45.5495988	45.5705468	
6.533565	43.5586115	43.5808714	45.5570134	45.5705468	
6.543695	43.5649552	43.5808714	45.5633572	45.5705468	
6.553881	43.5705701	43.5721448	45.5689721	45.5705468	
6.564121	43.5754684	43.5721448	45.5738704	45.5618201	
6.574188	43.5796023	43.5634181	45.5780043	45.5618201	
6.584413	43.5831239	43.5634181	45.5815259	45.5618201	
6.594653	43.5860201	43.5634181	45.584422	45.5705468	
6.60474	43.5883168	43.5721448	45.5867188	45.5705468	
6.614871	43.590115	43.5721448	45.588517	45.5705468	
6.625024	43.5946416	43.5808714	45.5930436	45.5705468	
6.635311	43.5946416	43.5808714	45.5930436	45.5705468	
6.645447	43.5946416	43.5808714	45.5930436	45.5705468	
6.655581	43.5946416	43.5721448	45.5930436	45.5705468	
6.665794	43.5946416	43.5721448	45.5930436	45.5705468	
6.68395	43.5946416	43.5721448	45.5930436	45.5705468	
6.688592	43.5946416	43.5721448	45.5930436	45.5705468	
6.698858	43.5946416	43.5721448	45.5930436	45.5705468	
6.708901	43.5946416	43.5721448	45.5930436	45.5705468	
6.719034	43.5946416	43.5721448	45.5930436	45.5705468	
6.729551	43.5946416	43.5721448	45.5930436	45.5705468	
6.739721	43.5946416	43.5721448	45.5930436	45.5705468	
6.749545	43.5946416	43.5721448	45.5930436	45.5705468	
6.759666	43.5946416	43.5721448	45.5930436	45.5705468	
6.769839	43.5946416	43.5721448	45.5930436	45.5705468	
6.780599	43.5946416	43.5721448	45.5930436	45.5705468	
6.798087	43.5946416	43.5721448	45.5930436	45.5705468	
6.802747	43.5946416	43.5721448	45.5930436	45.5705468	
6.812827	43.5946416	43.5721448	45.5930436	45.5705468	
6.822976	43.5946416	43.5721448	45.5930436	45.5705468	
6.834225	43.5946416	43.5721448	45.5930436	45.5705468	
6.843414	43.5946416	43.5721448	45.5930436	45.5705468	
6.853518	43.5946416	43.5721448	45.5930436	45.5705468	
6.863698	43.5946416	43.5721448	45.5930436	45.5705468	
6.873835	43.5946416	43.5721448	45.5930436	45.5705468	
6.884214	43.5946416	43.5721448	45.5930436	45.5705468	
6.894999	43.5946416	43.5721448	45.5930436	45.5705468	
6.905178	43.5946416	43.5721448	45.5930436	45.5705468	
6.915257	43.5946416	43.5721448	45.5930436	45.5705468	
6.925393	43.5946416	43.5721448	45.5930436	45.5705468	
6.937268	43.5946416	43.5721448	45.5930436	45.5705468	
6.946101	43.5946416	43.5721448	45.5930436	45.5705468	
6.95595	43.5946416	43.5721448	45.5930436	45.5705468	
6.966085	43.5946416	43.5721448	45.5930436	45.5705468	
6.9762	43.5946416	43.5721448	45.5930436	45.5705468	
6.986466	43.5946416	43.5721448	45.5930436	45.5705468	
6.996564	43.5946416	43.5721448	45.5930436	45.5705468	
7.006716	43.5946416	43.5721448	45.5930436	45.5705468	
7.016828	43.5946416	43.5721448	45.5930436	45.5705468	
7.026995	43.5946416	43.5721448	45.5930436	45.5705468	
7.040351	43.5946416	43.5721448	45.5930436	45.5705468	
7.047431	43.5946416	43.5721448	45.5930436	45.5705468	
7.057652	43.5946416	43.5721448	45.5930436	45.5705468	
7.067772	43.5946416	43.5721448	45.5930436	45.5705468	
7.078054	43.5946416	43.5721448	45.5930436	45.5705468	
7.088121	43.5946416	43.5721448	45.5930436	45.5705468	
7.098233	43.5946416	43.5721448	45.5930436	45.5705468	
7.108366	43.5946416	43.5721448	45.5930436	45.5705468	
7.118538	43.5946416	43.5721448	45.5930436	45.5705468	
7.128653	43.5946416	43.5721448	45.5930436	45.5705468	
7.140489	43.5946416	43.5721448	45.5930436	45.5705468	
7.149192	43.5946416	43.5721448	45.5930436	45.5705468	
7.159316	43.5946416	43.5721448	45.5930436	45.5705468	
7.169495	43.5946416	43.5721448	45.5930436	45.5705468	
7.179594	43.5946416	43.5721448	45.5930436	45.5705468	
7.1899	43.5946416	43.5721448	45.5930436	45.5705468	
7.199925	43.5946416	43.5721448	45.5930436	45.5705468	
7.210118	43.5946416	43.5721448	45.5930436	45.5705468	
7.220395	43.5946416	43.5721448	45.5930436	45.5705468	
7.230401	43.5946416	43.5721448	45.5930436	45.5705468	
7.242283	43.5946416	43.5721448	45.5930436	45.5705468	
7.251145	43.5946416	43.5721448	45.5930436	45.5705468	
7.261227	43.5946416	43.5721448	45.5930436	45.5705468	
7.271358	43.5946416	43.5721448	45.5930436	45.5705468	
7.281593	43.5946416	43.5721448	45.5930436	45.5705468	
7.308099	43.5946416	43.5721448	45.5930436	45.5705468	
7.312734	43.5946416	43.5721448	45.5930436	45.5705468	
7.322918	43.5946416	43.5721448	45.5930436	45.5705468	
7.333024	43.5946416	43.5721448	45.5930436	45.5705468	
7.344029	43.5946416	43.5721448	45.5930436	45.5705468	
7.353503	43.5946416	43.5721448	45.5930436	45.5705468	
7.363578	43.5946416	43.5721448	45.5930436	45.5705468	
7.373728	43.5946416	43.5721448	45.5930436	45.5705468	
7.383854	43.5946416	43.5721448	45.5930436	45.5705468	
7.394082	43.5946416	43.5721448	45.5930436	45.5705468	
7.404265	43.5946416	43.5721448	45.5930436	45.5705468	
7.414376	43.5946416	43.5721448	45.5930436	45.5705468	
7.424588	43.5946416	43.5721448	45.5930436	45.5705468	
7.434766	43.5946416	43.5721448	45.5930436	45.5705468	
7.445694	43.5946416	43.5721448	45.5930436	45.5705468	
7.455147	43.5946416	43.5721448	45.5930436	45.5705468	
7.465301	43.5946416	43.5721448	45.5930436	45.5705468	
7.475429	43.5946416	43.5721448	45.5930436	45.5705468	
7.485551	43.5946416	43.5721448	45.5930436	45.5705468	
7.495762	43.5946416	43.5721448	45.5930436	45.5705468	
7.505953	43.5946416	43.5721448	45.5930436	45.5705468	
7.516188	43.5946416	43.5721448	45.5930436	45.5705468	
7.526198	43.5946416	43.5721448	45.5930436	45.5705468	
7.53636	43.5946416	43.5721448	45.5930436	45.5705468	
7.547416	43.5946416	43.5721448	45.5930436	45.5705468	
7.556717	43.5946416	43.5721448	45.5930436	45.5705468	
7.566882	43.5946416	43.5721448	45.5930436	45.5705468	
7.577019	43.5946416	43.5721448	45.5930436	45.5705468	
7.587167	43.5946416	43.5721448	45.5930436	45.5705468	
7.597449	43.5946416	43.5721448	45.5930436	45.5705468	
7.63215	43.5946416	43.5721448	45.5930436	45.5705468	
7.63939	43.5946416	43.5721448	45.5930436	45.5705468	
