0.03533535	
0.04004526	
0.05014008	
0.06035689	
0.0704827	
0.08065152	
0.09083633	
0.1009461	
0.111142	
0.1213058	
0.1315306	
0.1416684	
0.1517942	
0.161962	
0.1721008	
0.1822266	
0.1924225	
0.2026023	
0.2127841	
0.2229619	
0.2330907	
0.2515204	
0.2559593	
0.2661181	
0.2762319	
0.2864627	
0.2967985	
0.3069034	
0.324947	
0.3293339	
0.3395548	
0.3497166	
0.3598554	
0.3700242	
0.380162	
0.3903178	
0.4005766	
0.4106584	
0.4209093	
0.4309531	
0.4411939	
0.4514177	
0.4614845	
0.4716773	
0.4818351	
0.492006	
0.5021478	
0.5122826	
0.5224594	
0.5326552	
0.54302	
0.5531368	
0.5633836	
0.5734185	
0.5835383	
0.5938051	
0.6039209	
0.6140417	
0.6242075	
0.6343153	
0.6445971	
0.654701	
0.6648468	
0.6750056	
0.6850914	
0.6952572	
0.705438	
0.7163028	
0.7261936	
0.7363275	
0.7465173	
0.7567191	
0.7667809	
0.7770527	
0.7871735	
0.7977173	
0.8075701	
0.817731	
0.8278738	
0.8379996	
0.8481974	
0.8583272	
0.869014	
0.8786908	
0.8888157	
0.8989195	
0.9090703	
0.9192721	
0.9293619	
0.9396147	
0.9497105	
0.9598413	
0.9700212	
0.980177	
0.9903068	
1.000452	
1.010642	
1.020869	
1.030942	
1.041095	
1.059203	
1.063798	
1.073811	
1.083932	
1.094098	
1.104204	
1.11438	
1.124561	
1.134718	
1.144871	
1.155022	
1.165159	
1.175296	
1.185448	
1.195664	
1.205765	
1.216204	
1.226099	
1.236216	
1.246338	
1.25654	
1.266651	
1.284723	
1.289161	
1.300454	
1.309532	
1.319704	
1.329845	
1.340022	
1.350148	
1.360273	
1.370442	
1.380646	
1.390769	
1.401062	
1.411127	
1.421262	
1.431379	
1.441558	
1.45173	
1.462173	
1.47215	
1.482667	
1.500739	
1.505158	
1.516134	
1.525524	
1.535677	
1.545759	
1.555912	
1.566356	
1.576203	
1.586504	
1.596522	
1.606657	
1.616831	
1.627035	
1.637175	
1.647273	
1.657419	
1.667616	
1.677668	
1.687819	
1.698062	
1.708178	
1.718314	
1.728527	
1.738645	
1.748876	
1.758966	
1.769154	
1.779299	
1.789428	
1.799631	
1.809762	
1.819948	
1.830082	
1.84025	
1.850408	
1.860574	
1.870724	
1.880863	
1.891035	
1.901311	
1.911359	
1.92153	
1.931694	
1.941846	
1.951996	
1.962195	
1.972285	
1.982465	
1.992643	
2.002803	
2.020927	
2.025347	
2.035665	
2.045675	
2.057702	-111.022566	-111.020394	-110.743313	-110.741141	
2.067852	-111.025331	-111.020394	-110.746079	-110.741141	
2.077758	-111.029002	-111.02912	-110.749749	-110.741141	
2.087915	-111.033806	-111.02912	-110.754553	-110.741141	
2.098143	-111.039699	-111.037847	-110.760447	-110.741141	
2.108455	-111.046704	-111.037847	-110.767451	-110.749868	
2.118466	-111.05449	-111.046574	-110.775237	-110.749868	
2.128608	-111.063412	-111.0553	-110.78416	-110.749868	
2.138703	-111.073314	-111.0553	-110.794061	-110.758594	
2.149147	-111.084673	-111.064027	-110.805421	-110.767321	
2.159373	-111.096821	-111.072754	-110.817568	-110.776048	
2.16948	-111.109842	-111.08148	-110.83059	-110.776048	
2.179684	-111.124031	-111.090207	-110.844779	-110.784774	
2.189831	-111.139182	-111.098934	-110.859929	-110.793501	
2.204299	-111.163201	-111.10766	-110.883948	-110.810954	
2.210548	-111.173682	-111.116387	-110.894429	-110.819681	
2.220384	-111.191347	-111.125113	-110.912094	-110.828408	
2.230501	-111.210564	-111.13384	-110.931311	-110.828408	
2.240698	-111.230958	-111.142567	-110.951705	-110.837134	
2.252997	-111.257234	-111.142567	-110.977981	-110.845861	
2.2611	-111.275007	-111.16002	-110.995754	-110.854587	
2.271216	-111.298337	-111.168747	-111.019085	-110.863314	
2.28132	-111.322653	-111.177473	-111.0434	-110.872041	
2.291616	-111.3485	-111.194927	-111.069247	-110.880767	
2.301781	-111.375064	-111.203653	-111.095811	-110.889494	
2.311997	-111.402782	-111.221107	-111.123529	-110.906947	
2.322178	-111.43146	-111.23856	-111.152208	-110.915674	
2.332282	-111.460924	-111.256013	-111.181671	-110.933127	
2.34243	-111.491551	-111.282193	-111.212298	-110.950581	
2.352556	-111.523145	-111.299646	-111.243892	-110.968034	
2.362886	-111.557367	-111.325826	-111.278114	-110.994214	
2.373092	-111.590376	-111.352006	-111.311123	-111.020394	
2.383273	-111.625265	-111.386913	-111.346012	-111.037847	
2.393408	-111.661029	-111.413093	-111.381776	-111.072754	
2.403687	-111.698369	-111.439273	-111.419116	-111.098934	
2.413753	-111.735919	-111.474179	-111.456666	-111.125113	
2.423903	-111.774825	-111.509086	-111.495572	-111.16002	
2.434048	-111.814748	-111.543992	-111.535496	-111.194927	
2.444165	-111.855563	-111.578899	-111.576311	-111.229833	
2.454301	-111.897496	-111.613806	-111.618243	-111.26474	
2.472908	-111.978746	-111.683619	-111.699493	-111.34328	
2.477613	-111.999149	-111.701072	-111.719896	-111.360733	
2.487772	-112.044582	-111.744705	-111.765329	-111.404366	
2.49791	-112.090953	-111.797065	-111.8117	-111.456726	
2.508085	-112.138521	-111.840698	-111.859269	-111.509086	
2.51824	-112.187007	-111.893058	-111.907754	-111.561446	
2.528378	-112.236467	-111.945418	-111.957214	-111.613806	
2.538616	-112.287459	-111.997778	-112.008206	-111.674892	
2.548664	-112.338504	-112.058865	-112.059251	-111.727252	
2.559122	-112.392747	-112.119951	-112.113495	-111.788339	
2.569333	-112.446778	-112.172311	-112.167525	-111.858152	
2.579555	-112.501824	-112.233398	-112.222572	-111.919238	
2.589622	-112.557101	-112.294484	-112.277849	-111.980325	
2.599756	-112.613766	-112.364297	-112.334513	-112.050138	
2.610032	-112.672293	-112.416657	-112.39304	-112.111225	
2.620159	-112.730984	-112.48647	-112.451731	-112.181038	
2.630314	-112.790906	-112.547557	-112.511654	-112.242124	
2.640486	-112.851892	-112.608643	-112.572639	-112.311937	
2.650589	-112.913517	-112.678457	-112.634264	-112.381751	
2.660784	-112.976747	-112.74827	-112.697495	-112.442837	
2.671251	-113.042794	-112.818083	-112.763541	-112.51265	
2.681105	-113.105869	-112.887896	-112.826617	-112.582463	
2.691253	-113.171898	-112.957709	-112.892645	-112.652277	
2.701405	-113.238983	-113.027522	-112.95973	-112.713363	
2.711542	-113.307003	-113.097336	-113.02775	-112.783176	
2.732197	-113.450967	-113.236962	-113.171714	-112.922803	
2.736959	-113.484238	-113.271868	-113.204985	-112.957709	
2.74705	-113.555267	-113.341682	-113.276014	-113.027522	
2.757595	-113.630917	-113.420221	-113.351665	-113.097336	
2.769357	-113.716707	-113.498761	-113.437454	-113.184602	
2.779631	-113.792597	-113.577301	-113.513344	-113.254415	
2.78968	-113.867882	-113.647114	-113.588629	-113.324228	
2.800043	-113.946625	-113.725654	-113.667372	-113.402768	
2.810182	-114.024629	-113.795467	-113.745377	-113.472581	
2.820597	-114.105928	-113.86528	-113.826675	-113.551121	
2.830507	-114.18414	-113.94382	-113.904887	-113.629661	
2.840672	-114.265452	-114.02236	-113.986199	-113.708201	
2.850863	-114.348061	-114.1009	-114.068808	-113.786741	
2.861063	-114.431726	-114.17944	-114.152473	-113.86528	
2.871251	-114.516388	-114.257979	-114.237136	-113.952547	
2.881446	-114.602107	-114.336519	-114.322854	-114.031087	
2.891613	-114.688639	-114.423786	-114.409386	-114.118353	
2.90176	-114.775986	-114.502326	-114.496734	-114.20562	
2.911865	-114.864052	-114.589592	-114.584799	-114.292886	
2.922107	-114.954377	-114.668132	-114.675124	-114.380153	
2.932204	-115.044364	-114.755398	-114.765111	-114.476146	
2.942389	-115.136186	-114.851391	-114.856933	-114.563412	
2.952566	-115.229007	-114.938658	-114.949754	-114.650679	
2.962701	-115.322443	-115.025924	-115.04319	-114.746672	
2.972928	-115.417862	-115.121917	-115.138609	-114.842665	
2.983174	-115.514415	-115.217911	-115.235162	-114.947385	
2.99329	-115.610768	-115.313904	-115.331515	-115.043378	
3.00346	-115.708682	-115.409897	-115.42943	-115.139371	
3.013556	-115.806909	-115.50589	-115.527657	-115.244091	
3.023767	-115.907324	-115.61061	-115.628071	-115.340084	
3.033907	-116.008045	-115.715329	-115.728792	-115.444803	
3.044099	-116.110313	-115.820049	-115.831061	-115.549523	
3.054273	-116.213446	-115.916042	-115.934193	-115.654243	
3.064683	-116.322792	-116.029489	-116.043539	-115.758963	
3.07485	-116.425285	-116.134208	-116.146033	-115.863682	
3.084992	-116.531165	-116.238928	-116.251913	-115.968402	
3.095082	-116.637549	-116.343648	-116.358296	-116.064395	
3.105229	-116.745566	-116.457094	-116.466314	-116.169115	
3.115344	-116.854308	-116.570541	-116.575055	-116.282561	
3.12561	-116.96569	-116.683987	-116.686437	-116.387281	
3.135719	-117.076372	-116.797434	-116.797119	-116.492001	
3.145889	-117.188792	-116.91088	-116.909539	-116.596721	
3.156059	-117.302235	-117.024326	-117.022983	-116.710167	
3.166405	-117.418779	-117.146499	-117.139526	-116.814887	
3.176378	-117.532042	-117.259946	-117.252789	-116.919607	
3.186569	-117.648795	-117.382119	-117.369543	-117.033053	
3.196698	-117.765872	-117.495565	-117.48662	-117.146499	
3.206852	-117.88427	-117.617738	-117.605018	-117.259946	
3.225336	-118.104064	-117.835904	-117.824811	-117.469385	
3.229989	-118.159254	-117.888264	-117.880002	-117.521745	
3.24015	-118.28119	-118.010437	-118.001937	-117.643918	
3.250343	-118.404477	-118.13261	-118.125224	-117.766091	
3.260586	-118.529458	-118.26351	-118.250205	-117.896991	
3.2707	-118.653844	-118.376957	-118.374591	-118.019164	
3.280881	-118.780144	-118.507856	-118.500891	-118.141337	
3.29111	-118.908075	-118.630029	-118.628823	-118.272237	
3.301276	-119.036237	-118.760929	-118.756984	-118.403136	
3.311414	-119.165059	-118.891829	-118.885807	-118.534036	
3.321591	-119.29544	-119.014002	-119.016188	-118.664936	
3.331792	-119.427145	-119.144901	-119.147892	-118.804562	
3.341888	-119.558481	-119.275801	-119.279229	-118.944189	
3.35211	-119.692601	-119.406701	-119.413348	-119.075088	
3.362273	-119.82695	-119.5376	-119.547697	-119.205988	
3.37237	-119.961336	-119.6685	-119.682084	-119.345614	
3.382599	-120.098681	-119.7994	-119.819429	-119.485241	
3.392767	-120.236103	-119.939026	-119.95685	-119.624867	
3.403082	-120.376693	-120.078653	-120.09744	-119.764493	
3.413179	-120.51528	-120.209552	-120.236027	-119.90412	
3.423405	-120.65669	-120.349179	-120.377437	-120.043746	
3.433373	-120.795484	-120.480078	-120.516232	-120.183372	
3.443652	-120.939697	-120.628431	-120.660444	-120.331725	
3.453763	-121.082623	-120.768058	-120.80337	-120.480078	
3.463883	-121.226629	-120.907684	-120.947376	-120.619705	
3.474062	-121.372615	-121.04731	-121.093363	-120.759331	
3.484717	-121.52647	-121.195663	-121.247217	-120.916411	
3.494856	-121.673858	-121.33529	-121.394605	-121.056037	
3.505026	-121.822821	-121.483643	-121.543568	-121.213117	
3.515154	-121.972148	-121.631996	-121.692895	-121.36147	
3.525282	-122.12259	-121.789075	-121.843338	-121.509823	
3.535501	-122.275298	-121.937428	-121.996045	-121.666902	
3.545651	-122.428061	-122.085781	-122.148808	-121.823982	
3.555903	-122.58343	-122.242861	-122.304178	-121.972335	
3.565947	-122.736647	-122.39994	-122.457394	-122.129414	
3.57635	-122.89644	-122.55702	-122.617187	-122.277767	
3.58652	-123.053646	-122.7141	-122.774393	-122.434847	
3.59654	-123.209498	-122.871179	-122.930245	-122.591927	
3.606719	-123.368883	-123.028259	-123.08963	-122.749006	
3.616819	-123.528142	-123.185339	-123.248889	-122.906086	
3.635394	-123.825239	-123.473318	-123.545987	-123.185339	
3.640229	-123.902357	-123.543131	-123.623104	-123.255152	
3.650246	-124.062613	-123.708937	-123.78336	-123.412231	
3.660395	-124.224965	-123.866017	-123.945712	-123.569311	
3.670503	-124.386725	-124.031823	-124.107472	-123.726391	
3.681409	-124.561365	-124.19763	-124.282112	-123.88347	
3.690865	-124.712613	-124.354709	-124.43336	-124.04055	
3.701132	-124.876821	-124.520515	-124.597568	-124.19763	
3.711138	-125.036869	-124.686322	-124.757616	-124.354709	
3.721439	-125.201749	-124.843401	-124.922496	-124.511789	
3.731618	-125.364581	-125.009208	-125.085328	-124.677595	
3.741622	-125.524613	-125.175014	-125.24536	-124.843401	
3.751804	-125.687541	-125.349547	-125.408288	-125.000481	
3.761929	-125.849541	-125.506627	-125.570288	-125.157561	
3.772123	-126.012741	-125.672433	-125.733488	-125.323367	
3.783128	-126.188853	-125.838239	-125.9096	-125.480447	
3.792521	-126.339061	-126.004045	-126.059808	-125.646253	
3.802651	-126.501173	-126.169852	-126.22192	-125.803332	
3.812797	-126.663429	-126.326931	-126.384176	-125.960412	
3.823097	-126.828261	-126.492738	-126.549008	-126.126218	
3.833158	-126.989237	-126.658544	-126.709984	-126.283298	
3.843303	-127.151557	-126.815623	-126.872304	-126.449104	
3.853456	-127.314005	-126.98143	-127.034752	-126.606184	
3.863662	-127.477349	-127.147236	-127.198096	-126.763264	
3.873753	-127.638725	-127.304316	-127.359472	-126.92907	
3.88485	-127.816485	-127.478849	-127.537232	-127.094876	
3.894212	-127.966133	-127.635928	-127.68688	-127.251956	
3.904404	-128.130037	-127.801734	-127.850784	-127.417762	
3.914639	-128.291342	-127.967541	-128.012089	-127.583568	
3.924881	-128.453958	-128.133347	-128.174705	-127.740648	
3.934857	-128.608805	-128.299153	-128.329552	-127.915181	
3.945161	-128.768962	-128.456233	-128.489709	-128.072261	
3.95523	-128.924502	-128.630766	-128.64525	-128.238067	
3.965395	-129.080434	-128.787846	-128.801182	-128.403873	
3.976158	-129.244482	-128.953652	-128.965229	-128.560953	
3.986667	-129.403516	-129.119458	-129.124263	-128.726759	
3.996079	-129.545019	-129.285264	-129.265766	-128.892565	
4.006081	-129.69445	-129.451071	-129.415198	-129.049645	
4.016189	-129.844491	-129.60815	-129.565239	-129.215451	
4.026371	-129.994554	-129.773957	-129.715301	-129.372531	
4.03652	-130.14311	-129.939763	-129.863858	-129.538337	
4.046653	-130.290401	-130.096842	-130.011148	-129.695417	
4.056818	-130.437174	-130.253922	-130.157921	-129.861223	
4.066978	-130.582893	-130.411002	-130.30364	-130.018303	
4.085008	-130.837529	-130.690254	-130.558276	-130.306282	
4.091452	-130.928358	-130.794974	-130.649105	-130.411002	
4.101617	-131.070643	-130.943327	-130.79139	-130.568081	
4.111742	-131.211326	-131.100407	-130.932073	-130.725161	
4.121908	-131.351498	-131.24876	-131.072245	-130.882241	
4.132072	-131.490619	-131.397113	-131.211367	-131.03932	
4.14225	-131.628986	-131.545466	-131.349734	-131.1964	
4.152388	-131.765753	-131.693819	-131.486501	-131.35348	
4.162594	-131.902362	-131.833445	-131.62311	-131.501832	
4.172696	-132.03664	-131.981798	-131.757387	-131.650185	
4.182863	-132.170715	-132.121424	-131.891462	-131.789812	
4.193142	-132.305784	-132.252324	-132.026531	-131.938165	
4.203279	-132.43695	-132.39195	-132.157697	-132.077791	
4.213599	-132.569843	-132.531577	-132.29059	-132.226144	
4.223759	-132.699751	-132.662476	-132.420498	-132.36577	
4.233866	-132.827922	-132.793376	-132.548669	-132.49667	
4.244199	-132.957966	-132.924276	-132.678714	-132.636297	
4.254788	-133.092041	-133.046449	-132.812789	-132.767196	
4.264589	-133.211369	-133.177349	-132.932116	-132.889369	
4.274589	-133.334185	-133.308248	-133.054932	-133.020269	
4.28497	-133.460654	-133.421695	-133.181401	-133.151169	
4.294948	-133.581215	-133.552594	-133.301962	-133.273342	
4.305202	-133.703996	-133.666041	-133.424743	-133.395515	
4.315272	-133.823593	-133.788214	-133.54434	-133.517688	
4.325442	-133.943362	-133.90166	-133.664109	-133.631134	
4.336127	-134.068064	-134.015107	-133.788812	-133.744581	
4.345762	-134.1796	-134.128553	-133.900347	-133.866754	
4.35594	-134.296396	-134.250726	-134.017143	-133.9802	
4.36601	-134.410968	-134.355446	-134.131715	-134.093646	
4.376183	-134.525728	-134.468892	-134.246475	-134.198366	
4.386423	-134.640193	-134.573612	-134.360941	-134.303086	
4.396637	-134.753382	-134.678332	-134.47413	-134.416532	
4.406853	-134.865356	-134.783051	-134.586103	-134.521252	
4.424952	-135.063475	-134.975038	-134.784222	-134.704512	
4.434994	-135.167429	-135.079757	-134.888176	-134.809231	
4.444976	-135.273211	-135.175751	-134.993959	-134.905225	
4.455144	-135.379915	-135.28047	-135.100663	-135.001218	
4.465278	-135.485304	-135.38519	-135.206051	-135.105937	
4.475484	-135.590379	-135.48991	-135.311126	-135.201931	
4.486046	-135.698052	-135.585903	-135.4188	-135.297924	
4.496476	-135.803314	-135.699349	-135.524062	-135.393917	
4.50591	-135.897599	-135.786616	-135.618346	-135.48991	
4.516149	-135.99891	-135.891336	-135.719657	-135.585903	
4.526232	-136.097645	-135.987329	-135.818392	-135.681896	
4.536408	-136.196392	-136.083322	-135.91714	-135.769163	
4.54661	-136.294251	-136.188042	-136.014998	-135.865156	
4.55672	-136.390272	-136.284035	-136.11102	-135.961149	
4.566829	-136.485242	-136.380028	-136.205989	-136.048415	
4.584978	-136.651889	-136.554561	-136.372636	-136.205495	
4.589755	-136.695772	-136.589467	-136.41652	-136.257855	
4.599985	-136.788637	-136.694187	-136.509384	-136.345121	
4.610113	-136.879439	-136.781453	-136.600186	-136.432388	
4.620309	-136.969932	-136.86872	-136.690679	-136.528381	
4.630471	-137.059015	-136.97344	-136.779762	-136.615647	
4.640588	-137.146744	-137.060706	-136.867491	-136.71164	
4.650811	-137.23442	-137.147973	-136.955167	-136.798907	
4.660939	-137.320187	-137.243966	-137.040935	-136.8949	
4.671159	-137.405755	-137.331232	-137.126502	-136.982166	
4.68127	-137.489404	-137.427225	-137.210151	-137.069433	
4.691386	-137.572074	-137.505765	-137.292821	-137.165426	
4.701681	-137.655255	-137.593032	-137.376002	-137.252692	
4.711733	-137.735353	-137.671571	-137.456101	-137.339959	
4.732425	-137.895129	-137.846104	-137.615876	-137.514492	
4.737185	-137.932271	-137.889738	-137.653018	-137.558125	
4.747651	-138.011767	-137.968277	-137.732514	-137.645391	
4.757453	-138.08556	-138.046817	-137.806307	-137.723931	
4.767586	-138.160831	-138.125357	-137.881579	-137.802471	
4.777761	-138.235401	-138.19517	-137.956148	-137.881011	
4.787931	-138.30888	-138.27371	-138.029628	-137.950824	
4.799814	-138.393363	-138.343523	-138.11411	-138.029364	
4.808238	-138.452603	-138.413336	-138.17335	-138.099177	
4.818443	-138.523397	-138.483149	-138.244145	-138.16899	
4.82864	-138.593001	-138.544236	-138.313748	-138.238803	
4.838683	-138.660604	-138.614049	-138.381351	-138.308617	
4.849189	-138.730265	-138.683862	-138.451013	-138.37843	
4.859335	-138.796548	-138.753676	-138.517296	-138.439516	
4.869501	-138.861935	-138.814762	-138.582683	-138.509329	
4.879665	-138.926305	-138.875849	-138.647052	-138.570416	
4.889797	-138.989499	-138.928208	-138.710247	-138.631502	
4.901527	-139.061259	-138.998022	-138.782006	-138.701316	
4.910204	-139.113701	-139.050382	-138.834448	-138.753676	
4.920354	-139.173968	-139.111468	-138.894716	-138.814762	
4.930581	-139.233708	-139.163828	-138.954455	-138.875849	
4.940626	-139.291358	-139.216188	-139.012106	-138.928208	
4.950827	-139.348922	-139.277274	-139.069669	-138.980568	
4.960969	-139.405159	-139.329634	-139.125906	-139.032928	
4.97111	-139.460405	-139.381994	-139.181152	-139.085288	
4.989263	-139.555386	-139.469261	-139.276133	-139.181281	
4.993877	-139.579614	-139.49544	-139.300361	-139.207461	
5.004884	-139.635961	-139.5478	-139.356709	-139.259821	
5.014239	-139.683018	-139.591434	-139.403765	-139.312181	
5.024393	-139.733333	-139.643793	-139.45408	-139.364541	
5.034608	-139.782476	-139.696153	-139.503223	-139.408174	
5.04494	-139.83139	-139.739787	-139.552138	-139.460534	
5.054901	-139.87758	-139.78342	-139.598327	-139.504167	
5.065038	-139.9236	-139.83578	-139.644348	-139.556527	
5.075207	-139.96879	-139.879413	-139.689537	-139.60016	
5.085404	-140.013113	-139.923046	-139.73386	-139.643793	
5.095512	-140.056066	-139.966679	-139.776813	-139.687427	
5.106698	-140.102368	-140.010313	-139.823115	-139.739787	
5.11597	-140.139952	-140.053946	-139.860699	-139.78342	
5.12603	-140.179757	-140.097579	-139.900504	-139.818326	
5.136161	-140.218868	-140.132486	-139.939615	-139.86196	
5.146448	-140.25758	-140.176119	-139.978328	-139.905593	
5.156482	-140.294373	-140.219752	-140.015121	-139.940499	
5.166597	-140.330488	-140.254659	-140.051236	-139.975406	
5.176759	-140.365816	-140.289565	-140.086563	-140.019039	
5.186892	-140.400051	-140.333199	-140.120798	-140.053946	
5.206817	-140.462708	-140.394285	-140.183455	-140.115032	
5.211565	-140.477748	-140.420465	-140.198496	-140.141212	
5.221661	-140.508535	-140.455372	-140.229282	-140.167392	
5.231796	-140.538494	-140.481551	-140.259241	-140.202299	
5.241962	-140.567583	-140.516458	-140.28833	-140.237205	
5.252119	-140.595688	-140.542638	-140.316435	-140.263385	
5.263467	-140.625815	-140.577545	-140.346562	-140.289565	
5.272737	-140.649703	-140.603725	-140.370451	-140.315745	
5.282894	-140.674906	-140.621178	-140.395653	-140.341925	
5.293032	-140.6991	-140.647358	-140.419847	-140.359378	
5.303373	-140.722791	-140.673538	-140.443538	-140.376832	
5.313641	-140.745369	-140.690991	-140.466116	-140.403012	
5.323848	-140.766817	-140.708444	-140.487565	-140.420465	
5.333929	-140.787112	-140.725898	-140.507859	-140.429192	
5.344086	-140.806613	-140.743351	-140.52736	-140.446645	
5.354221	-140.825154	-140.760804	-140.545901	-140.464098	
5.364473	-140.842954	-140.769531	-140.563701	-140.472825	
5.374574	-140.85959	-140.778257	-140.580337	-140.481551	
5.384747	-140.875421	-140.786984	-140.596168	-140.490278	
5.394884	-140.890288	-140.795711	-140.611035	-140.490278	
5.405133	-140.904411	-140.804437	-140.625159	-140.499005	
5.415361	-140.917584	-140.813164	-140.638332	-140.499005	
5.425485	-140.929747	-140.813164	-140.650494	-140.499005	
5.435509	-140.940933	-140.813164	-140.66168	-140.499005	
5.445722	-140.95145	-140.813164	-140.672198	-140.499005	
5.456216	-140.961336	-140.813164	-140.682083	-140.499005	
5.466003	-140.969798	-140.813164	-140.690545	-140.499005	
5.476282	-140.977822	-140.813164	-140.698569	-140.499005	
5.486339	-140.984878	-140.813164	-140.705626	-140.499005	
5.496478	-140.991206	-140.813164	-140.711953	-140.499005	
5.506659	-140.99679	-140.813164	-140.717537	-140.499005	
5.517187	-141.001756	-140.813164	-140.722503	-140.499005	
5.527039	-141.005762	-140.813164	-140.72651	-140.499005	
5.537161	-141.009215	-140.813164	-140.729962	-140.499005	
5.547329	-141.012038	-140.813164	-140.732785	-140.499005	
5.557829	-141.014344	-140.813164	-140.735091	-140.499005	
5.567582	-141.020394	-140.813164	-140.741141	-140.499005	
5.577763	-141.020394	-140.813164	-140.741141	-140.499005	
5.588024	-141.020394	-140.813164	-140.741141	-140.499005	
5.598041	-141.020394	-140.813164	-140.741141	-140.499005	
5.608214	-141.020394	-140.813164	-140.741141	-140.499005	
5.618574	-141.020394	-140.813164	-140.741141	-140.499005	
5.628663	-141.020394	-140.813164	-140.741141	-140.499005	
5.63881	-141.020394	-140.813164	-140.741141	-140.499005	
5.648916	-141.020394	-140.813164	-140.741141	-140.499005	
5.659237	-141.020394	-140.813164	-140.741141	-140.499005	
5.677314	-141.020394	-140.813164	-140.741141	-140.499005	
5.681901	-141.020394	-140.813164	-140.741141	-140.499005	
5.692101	-141.020394	-140.813164	-140.741141	-140.499005	
5.702217	-141.020394	-140.813164	-140.741141	-140.499005	
5.713499	-141.020394	-140.813164	-140.741141	-140.499005	
5.722684	-141.020394	-140.813164	-140.741141	-140.499005	
5.732766	-141.020394	-140.813164	-140.741141	-140.499005	
5.742913	-141.020394	-140.813164	-140.741141	-140.499005	
5.753032	-141.020394	-140.813164	-140.741141	-140.499005	
5.763278	-141.020394	-140.813164	-140.741141	-140.499005	
5.773462	-141.020394	-140.813164	-140.741141	-140.499005	
5.783586	-141.020394	-140.813164	-140.741141	-140.499005	
5.793736	-141.020394	-140.813164	-140.741141	-140.499005	
5.804085	-141.020394	-140.813164	-140.741141	-140.499005	
5.815198	-141.020394	-140.813164	-140.741141	-140.499005	
5.824488	-141.020394	-140.813164	-140.741141	-140.499005	
5.83466	-141.020394	-140.813164	-140.741141	-140.499005	
5.844781	-141.020394	-140.813164	-140.741141	-140.499005	
5.854927	-141.020394	-140.813164	-140.741141	-140.499005	
5.865024	-141.020394	-140.813164	-140.741141	-140.499005	
5.875252	-141.020394	-140.813164	-140.741141	-140.499005	
5.893276	-141.020394	-140.813164	-140.741141	-140.499005	
5.897905	-141.020394	-140.813164	-140.741141	-140.499005	
5.908074	-141.020394	-140.813164	-140.741141	-140.499005	
5.9199	-141.020394	-140.813164	-140.741141	-140.499005	
5.9284	-141.020394	-140.813164	-140.741141	-140.499005	
5.946457	-141.020394	-140.813164	-140.741141	-140.499005	
5.951106	-141.020394	-140.813164	-140.741141	-140.499005	
5.96122	-141.020394	-140.813164	-140.741141	-140.499005	
5.971394	-141.020394	-140.813164	-140.741141	-140.499005	
5.981635	-141.020394	-140.813164	-140.741141	-140.499005	
5.99178	-141.020394	-140.813164	-140.741141	-140.499005	
6.001945	-141.020394	-140.813164	-140.741141	-140.499005	
6.012284	-141.020394	-140.813164	-140.741141	-140.499005	
6.02308	-141.020394	-140.813164	-140.741141	-140.499005	
6.03286	-141.020394	-140.813164	-140.741141	-140.499005	
6.043035	-141.020394	-140.813164	-140.741141	-140.499005	
6.053209	-141.020394	-140.813164	-140.741141	-140.499005	
6.063304	-141.020394	-140.813164	-140.741141	-140.499005	
6.073523	-141.020394	-140.813164	-140.741141	-140.499005	
6.083688	-141.020394	-140.813164	-140.741141	-140.499005	
6.09394	-141.020394	-140.813164	-140.741141	-140.499005	
6.10416	-141.020394	-140.813164	-140.741141	-140.499005	
6.11424	-141.020394	-140.813164	-140.741141	-140.499005	
6.124564	-141.020394	-140.813164	-140.741141	-140.499005	
6.134679	-141.020394	-140.813164	-140.741141	-140.499005	
6.144819	-141.020394	-140.813164	-140.741141	-140.499005	
6.154984	-141.020394	-140.813164	-140.741141	-140.499005	
6.165133	-141.020394	-140.813164	-140.741141	-140.499005	
6.175257	-141.020394	-140.813164	-140.741141	-140.499005	
6.1855	-141.020394	-140.813164	-140.741141	-140.499005	
6.195679	-141.020394	-140.813164	-140.741141	-140.499005	
6.205851	-141.020394	-140.813164	-140.741141	-140.499005	
6.216186	-141.020394	-140.813164	-140.741141	-140.499005	
6.226473	-141.020394	-140.813164	-140.741141	-140.499005	
6.236335	-141.020394	-140.813164	-140.741141	-140.499005	
6.246431	-141.020394	-140.813164	-140.741141	-140.499005	
6.256588	-141.020394	-140.813164	-140.741141	-140.499005	
6.266821	-141.020394	-140.813164	-140.741141	-140.499005	
6.277015	-141.020394	-140.813164	-140.741141	-140.499005	
6.287183	-141.020394	-140.813164	-140.741141	-140.499005	
6.297241	-141.020394	-140.813164	-140.741141	-140.499005	
6.307446	-141.020394	-140.813164	-140.741141	-140.499005	
6.317794	-141.020394	-140.813164	-140.741141	-140.499005	
6.32791	-141.020394	-140.813164	-140.741141	-140.499005	
6.337919	-141.020394	-140.813164	-140.741141	-140.499005	
6.348126	-141.020394	-140.813164	-140.741141	-140.499005	
6.358192	-141.020394	-140.813164	-140.741141	-140.499005	
6.368353	-141.020394	-140.813164	-140.741141	-140.499005	
6.386574	-141.020394	-140.813164	-140.741141	-140.499005	
6.391222	-141.020394	-140.813164	-140.741141	-140.499005	
6.401463	-141.020394	-140.813164	-140.741141	-140.499005	
6.411543	-141.020394	-140.813164	-140.741141	-140.499005	
6.421705	-141.020394	-140.813164	-140.741141	-140.499005	
6.431885	-141.020394	-140.813164	-140.741141	-140.499005	
6.442017	-141.020394	-140.813164	-140.741141	-140.499005	
6.452234	-141.020394	-140.813164	-140.741141	-140.499005	
6.462348	-141.020394	-140.813164	-140.741141	-140.499005	
6.479371	-141.020394	-140.813164	-140.741141	-140.499005	
6.489557	-141.020394	-140.813164	-140.741141	-140.499005	
