0.03647126	
0.04115816	
0.05127096	
0.06145575	
0.07163354	
0.08175533	
0.09191513	
0.1020499	
0.1122897	
0.1224045	
0.1325543	
0.1427811	
0.1528369	
0.1730805	
0.1775454	
0.1876762	
0.197841	
0.2079578	
0.2181276	
0.2282373	
0.2384321	
0.2487009	
0.2588157	
0.2689195	
0.2791333	
0.2892601	
0.2996739	
0.3098157	
0.3199855	
0.3300883	
0.3403431	
0.3504699	
0.3606636	
0.3708114	
0.3809232	
0.391183	
0.4012798	
0.4114616	
0.4216444	
0.4317672	
0.441943	
0.4521048	
0.4623096	
0.4811172	
0.4855911	
0.4956789	
0.5059227	
0.5160875	
0.5261813	
0.5364621	
0.5464349	
0.5566106	
0.5667604	
0.5768962	
0.587086	
0.6051177	
0.6095336	
0.6197104	
0.6298782	
0.6400459	
0.6516087	
0.6605795	
0.6705413	
0.6806951	
0.6921749	
0.7010897	
0.7112585	
0.7213373	
0.7314781	
0.7417249	
0.7518217	
0.7619925	
0.7721743	
0.782301	
0.7925768	
0.8026706	
0.8127744	
0.8230902	
0.833134	
0.8432898	
0.8534916	
0.8636214	
0.8738732	
0.88398	
0.8941388	
0.9042956	
0.9143824	
0.9247981	
0.9348969	
0.9450467	
0.9551415	
0.9653073	
0.9757031	
0.9860199	
0.9959737	
1.006128	
1.016578	
1.026419	
1.036572	
1.046732	
1.05686	
1.067008	
1.077437	
1.087409	
1.097481	
1.112424	-6.35837034	-6.36172512	-4.3512417	-4.35459648	
1.117786	-6.35713998	-6.36172512	-4.35001134	-4.35459648	
1.128065	-6.35346714	-6.35299848	-4.3463385	-4.35459648	
1.138051	-6.34891985	-6.35299848	-4.34179121	-4.34586984	
1.148191	-6.34326386	-6.35299848	-4.33613522	-4.34586984	
1.158404	-6.33651874	-6.35299848	-4.3293901	-4.33714319	
1.168659	-6.32869259	-6.34427183	-4.32156395	-4.32841654	
1.18719	-6.31034872	-6.32681854	-4.30322008	-4.3196899	
1.191786	-6.30591281	-6.32681854	-4.29878417	-4.3196899	
1.201928	-6.29480549	-6.31809189	-4.28767685	-4.31096325	
1.213976	-6.28002893	-6.3006386	-4.27290029	-4.30223661	
1.222297	-6.26931144	-6.29191195	-4.2621828	-4.29350996	
1.240417	-6.24176977	-6.27445866	-4.23464113	-4.26733002	
1.24498	-6.23492902	-6.26573201	-4.22780038	-4.26733002	
1.255217	-6.21825007	-6.25700537	-4.21112143	-4.25860337	
1.265317	-6.20080469	-6.24827872	-4.19367605	-4.24115008	
1.27544	-6.18227961	-6.23082543	-4.17515097	-4.23242344	
1.285897	-6.16201786	-6.21337214	-4.15488922	-4.21497014	
1.295829	-6.14183086	-6.19591884	-4.13470222	-4.19751685	
1.306328	-6.11934587	-6.17846555	-4.11221723	-4.18006356	
1.316885	-6.09561369	-6.15228561	-4.08848505	-4.15388362	
1.32663	-6.07283725	-6.13483232	-4.06570861	-4.13643033	
1.336813	-6.04793492	-6.10865238	-4.04080629	-4.11025039	
1.346942	-6.02216193	-6.0737458	-4.01503329	-4.0753438	
1.357365	-5.99451147	-6.04756586	-3.98738283	-4.04043722	
1.367371	-5.96700798	-6.02138592	-3.95987934	-4.00553063	
1.377438	-5.93833549	-5.99520598	-3.93120685	-3.97062405	
1.3876	-5.90833737	-5.9602994	-3.90120873	-3.93571746	
1.397743	-5.87735146	-5.92539281	-3.87022282	-3.90081088	
1.408071	-5.84473998	-5.89048623	-3.83761134	-3.86590429	
1.418238	-5.81160113	-5.85557964	-3.80447249	-3.82227106	
1.428441	-5.77732612	-5.81194641	-3.77019748	-3.78736448	
1.438649	-5.7419856	-5.77703982	-3.73485696	-3.75245789	
1.448748	-5.70598252	-5.73340659	-3.69885388	-3.71755131	
1.459304	-5.66724219	-5.68977336	-3.66011355	-3.68264472	
1.46937	-5.62929308	-5.65486678	-3.62216444	-3.64773814	
1.479628	-5.58956177	-5.61996019	-3.58243313	-3.61283155	
1.489739	-5.54940942	-5.58505361	-3.54228078	-3.57792497	
1.499922	-5.50790606	-5.54142038	-3.50077742	-3.53429174	
1.510087	-5.46545215	-5.49778714	-3.45832351	-3.4906585	
1.520435	-5.42113161	-5.46288056	-3.41400297	-3.45575192	
1.530464	-5.37722699	-5.41924733	-3.37009835	-3.41211869	
1.540627	-5.33165046	-5.3756141	-3.32452182	-3.3772121	
1.550778	-5.2851395	-5.33198086	-3.27801086	-3.33357887	
1.560915	-5.23764246	-5.28834763	-3.23051382	-3.28994564	
1.571115	-5.18882127	-5.23598776	-3.18169263	-3.23758576	
1.58125	-5.13926257	-5.19235452	-3.13213393	-3.19395253	
1.591475	-5.08824406	-5.13999465	-3.08111542	-3.14159265	
1.601609	-5.03664224	-5.09636142	-3.0295136	-3.08923278	
1.611715	-4.98416309	-5.03527489	-2.97703445	-3.02814625	
1.622101	-4.92908763	-4.98291501	-2.92195899	-2.97578637	
1.63219	-4.87466428	-4.92182849	-2.86753564	-2.9234265	
1.642325	-4.81894175	-4.86074197	-2.81181311	-2.86233997	
1.65394	-4.75361119	-4.80838209	-2.74648255	-2.8099801	
1.662618	-4.70421493	-4.74729557	-2.69708629	-2.74016693	
1.672822	-4.64499238	-4.6774824	-2.63786374	-2.6790804	
1.682969	-4.58506811	-4.61639587	-2.57793947	-2.61799388	
1.693124	-4.52404646	-4.55530935	-2.51691782	-2.55690735	
1.703549	-4.46030135	-4.48549618	-2.45317271	-2.49582083	
1.713417	-4.39905873	-4.42440965	-2.39193009	-2.42600766	
1.723727	-4.33392874	-4.35459648	-2.3268001	-2.35619449	
1.733876	-4.26885156	-4.29350996	-2.26172292	-2.28638132	
1.744007	-4.20284519	-4.22369679	-2.19571655	-2.2252948	
1.754138	-4.13580588	-4.16261027	-2.12867724	-2.16420827	
1.764267	-4.06776768	-4.10152374	-2.06063904	-2.0943951	
1.774491	-3.99802753	-4.03171057	-1.99089889	-2.02458193	
1.784731	-3.92712884	-3.97062405	-1.9200002	-1.96349541	
1.794837	-3.85613621	-3.90081088	-1.84900757	-1.89368224	
1.804999	-3.7837218	-3.83099771	-1.77659316	-1.82386907	
1.815199	-3.70996473	-3.76118454	-1.70283609	-1.7540559	
1.825425	-3.63497188	-3.69137137	-1.62784324	-1.68424273	
1.835511	-3.56008528	-3.61283155	-1.55295664	-1.61442956	
1.845717	-3.48318403	-3.54301838	-1.47605539	-1.53588974	
1.85586	-3.40574694	-3.45575192	-1.3986183	-1.46607657	
1.866344	-3.32458156	-3.38593875	-1.31745292	-1.38753676	
1.876102	-3.24815916	-3.29867229	-1.24103052	-1.30899694	
1.886252	-3.16759189	-3.22013247	-1.16046325	-1.22173048	
1.896387	-3.0860847	-3.14159265	-1.07895606	-1.14319066	
1.906518	-3.00362436	-3.04559954	-0.996495717	-1.0559242	
1.916725	-2.91945802	-2.96705973	-0.912329377	-0.968657735	
1.927026	-2.83346722	-2.87106662	-0.826338583	-0.872664626	
1.937063	-2.74867708	-2.77507351	-0.741548437	-0.785398163	
1.94726	-2.66153941	-2.68780705	-0.654410773	-0.680678408	
1.957421	-2.57361807	-2.59181394	-0.566489429	-0.593411946	
1.967864	-2.48219599	-2.49582083	-0.475067354	-0.488692191	
1.977668	-2.39542157	-2.40855437	-0.388292934	-0.401425728	
1.987987	-2.30300665	-2.32128791	-0.295878013	-0.314159265	
1.998008	-2.21225333	-2.23402144	-0.205124694	-0.218166156	
2.008126	-2.11959279	-2.13802833	-0.112464151	-0.122173048	
2.018505	-2.02345126	-2.04203522	-0.016322619	-0.034906585	
2.02857	-1.92885913	-1.95476876	0.0782695134	0.0523598776	
2.039006	-1.83042776	-1.85877565	0.176700876	0.148352986	
2.048863	-1.73620259	-1.77150919	0.270926051	0.235619449	
2.058975	-1.63846495	-1.68424273	0.368663688	0.322885912	
2.069359	-1.5370059	-1.58824962	0.47012274	0.41887902	
2.079525	-1.43665447	-1.49225651	0.570474173	0.506145483	
2.089679	-1.33539106	-1.3962634	0.671737578	0.602138592	
2.099854	-1.23290231	-1.30027029	0.774226331	0.698131701	
2.110028	-1.12938899	-1.19555054	0.877739655	0.802851456	
2.120254	-1.02419421	-1.09955743	0.982934429	0.907571211	
2.130661	-0.91612912	-0.986111027	1.09099952	1.02101761	
2.140575	-0.811874065	-0.890117919	1.19525457	1.12573737	
2.150692	-0.705159329	-0.776671517	1.30196931	1.23918377	
2.171509	-0.479444612	-0.549778714	1.52768403	1.47480322	
2.176398	-0.42657675	-0.497418837	1.58055189	1.53588974	
2.186248	-0.31887006	-0.383972435	1.68825858	1.64933614	
2.196384	-0.20697156	-0.261799388	1.80015708	1.76278254	
2.20656	-0.0935939259	-0.148352986	1.91353471	1.88495559	
2.216761	0.0210927321	-0.0261799388	2.02822137	2.00712864	
2.228397	0.15345532	0.0959931089	2.16058396	2.12057504	
2.237165	0.253721527	0.218166156	2.26085017	2.24274809	
2.247372	0.371600419	0.34906585	2.37872906	2.36492114	
2.257397	0.488361102	0.471238898	2.49548974	2.48709418	
2.267533	0.607471265	0.593411946	2.61459991	2.60054059	
2.277951	0.731055369	0.72431164	2.73818401	2.72271363	
2.287847	0.849307833	0.837758041	2.85643647	2.83616003	
2.298	0.971712147	0.968657735	2.97884079	2.94960644	
2.308115	1.09463031	1.08210414	3.10175895	3.07177948	
2.318334	1.21996087	1.20427718	3.22708951	3.19395253	
2.330361	1.36910109	1.32645023	3.37622973	3.30739893	
2.346721	1.57475303	1.53588974	3.58188167	3.51683844	
2.35131	1.63228324	1.58824962	3.63941188	3.56919832	
2.361446	1.76092516	1.71042267	3.7680538	3.69137137	
2.371605	1.89090534	1.83259571	3.89803397	3.82227106	
2.381842	2.0229487	1.95476876	4.03007734	3.94444411	
2.391967	2.15452849	2.08566846	4.16165713	4.08407045	
2.40212	2.28747792	2.21656815	4.29460656	4.21497014	
2.412289	2.42168474	2.3387412	4.42881338	4.34586984	
2.422446	2.55677746	2.47836754	4.5639061	4.48549618	
2.442303	2.82590143	2.74889357	4.83303007	4.76474886	
2.446913	2.88812186	2.8099801	4.8952505	4.83456203	
2.457056	3.02651066	2.94960644	5.0336393	4.97418837	
2.469223	3.19416477	3.12413936	5.20129341	5.14872129	
2.47861	3.32440611	3.24631241	5.33153475	5.27089434	
2.487569	3.44921986	3.38593875	5.4563485	5.41052068	
2.497606	3.59026871	3.54301838	5.59739735	5.55887367	
2.50778	3.73424198	3.69137137	5.74137062	5.70722665	
2.517955	3.87930758	3.83972435	5.88643622	5.85557964	
2.5281	4.02497339	3.99680399	6.03210203	6.00393263	
2.538362	4.17348057	4.15388362	6.18060921	6.16101226	
2.548435	4.31998198	4.31096325	6.32711062	6.3006386	
2.558735	4.47105144	4.45931624	6.47818008	6.44899159	
2.568853	4.62039238	4.60766923	6.62752102	6.59734457	
2.579304	4.77583398	4.76474886	6.78296262	6.74569756	
2.589458	4.92783003	4.91310184	6.93495867	6.89405055	
2.599656	5.08152681	5.06145483	7.08865545	7.04240353	
2.609815	5.23565029	5.20108117	7.24277893	7.19075652	
2.619928	5.39014205	5.34943416	7.39727069	7.34783615	
2.630157	5.5475203	5.49778714	7.55464893	7.49618914	
2.640554	5.70854152	5.65486678	7.71567016	7.65326877	
2.650491	5.86324854	5.79449312	7.87037718	7.8103484	
2.660699	6.02337462	5.95157275	8.03050326	7.96742804	
2.670804	6.1828379	6.10865238	8.18996654	8.11578102	
2.680987	6.34463696	6.26573201	8.3517656	8.2815873	
2.691131	6.50687618	6.42281165	8.51400482	8.44739358	
2.701312	6.66969218	6.58861793	8.67682082	8.60447321	
2.711491	6.83254018	6.74569756	8.83966882	8.77027949	
2.721604	6.99433218	6.91150384	9.00146082	8.93608577	
2.731796	7.15745218	7.07731012	9.16458082	9.1106187	
2.742272	7.32514818	7.25184304	9.33227682	9.28515162	
2.752371	7.48660418	7.41764932	9.49373282	9.4509579	
2.762551	7.64950018	7.59218225	9.65662882	9.61676418	
2.772733	7.81246018	7.76671517	9.81958882	9.7912971	
2.782835	7.97401218	7.93252145	9.98114082	9.95710338	
2.793057	8.13759618	8.11578102	10.1447248	10.1229097	
2.803184	8.29961218	8.2815873	10.3067408	10.2799893	
2.813487	8.46447618	8.45612023	10.4716048	10.4545222	
2.823663	8.62735618	8.6219265	10.6344848	10.6116019	
2.833778	8.78921218	8.79645943	10.7963408	10.7774081	
2.844066	8.95378818	8.97099236	10.9609168	10.9432144	
2.854449	9.11991618	9.13679863	11.1270448	11.1090207	
2.864332	9.27801218	9.29387827	11.2851408	11.2573737	
2.874482	9.44039618	9.45968455	11.4475248	11.42318	
2.885063	9.61095618	9.61676418	11.6180848	11.5802596	
2.894829	9.76594818	9.77384381	11.7730768	11.7373392	
2.904993	9.92854018	9.9221968	11.9356688	11.8944189	
2.915122	10.0906202	10.0792764	12.0977488	12.0602251	
2.925257	10.2527962	10.2276294	12.2599248	12.2173048	
2.935446	10.4159162	10.384709	12.4230448	12.383111	
2.945663	10.5794042	10.5417887	12.5865328	12.5401907	
2.95603	10.7453242	10.6988683	12.7524528	12.705997	
2.966057	10.9056922	10.8559479	12.9128208	12.8630766	
2.9761	11.0663002	11.0043009	13.0734288	13.0288829	
2.986679	11.2356602	11.1701072	13.2427888	13.1859625	
2.996364	11.3904922	11.3271868	13.3976208	13.3517688	
3.006604	11.5543802	11.4842665	13.5615088	13.5088484	
3.01678	11.7171322	11.6500728	13.7242608	13.6833813	
3.026836	11.8780122	11.815879	13.8851408	13.840461	
3.037007	12.0409082	11.9816853	14.0480368	14.0062672	
3.047401	12.2071322	12.1474916	14.2142608	14.1720735	
3.057357	12.3663642	12.3220245	14.3734928	14.3291532	
3.067556	12.5296282	12.4965574	14.5367568	14.5036861	
3.077655	12.6911482	12.6623637	14.6982768	14.6607657	
3.088104	12.8583962	12.8368966	14.8655248	14.8352986	
3.097993	13.0165562	13.0027029	15.0236848	14.9923783	
3.108132	13.1787642	13.1685092	15.1858928	15.1581846	
3.118299	13.3415002	13.3343155	15.3486288	15.3239908	
3.128406	13.5031642	13.5088484	15.5102928	15.4810705	
3.139009	13.6728602	13.6746547	15.6799888	15.6468767	
3.148872	13.8307002	13.8317343	15.8378288	15.812683	
3.159032	13.9931642	13.9975406	16.0002928	15.9697627	
3.169254	14.1567962	14.1546202	16.1639248	16.1268423	
3.179338	14.3180762	14.3116999	16.3252048	16.2839219	
3.189563	14.4817402	14.4687795	16.4888688	16.4497282	
3.199739	14.6444762	14.6258591	16.6516048	16.6068078	
3.209884	14.8067642	14.7829388	16.8138928	16.7726141	
3.222082	15.0020922	14.974925	17.0092208	16.9646003	
3.232145	15.1629882	15.123278	17.1701168	17.12168	
3.243446	15.3439322	15.2803576	17.3510608	17.2787596	
3.252504	15.4887482	15.4374372	17.4958768	17.4445659	
3.262661	15.6512602	15.6032435	17.6583888	17.6103722	
3.273104	15.8183802	15.7603231	17.8255088	17.7761784	
3.282989	15.9764762	15.9174028	17.9836048	17.9419847	
3.293194	16.1398202	16.0832091	18.1469488	18.0990643	
3.30342	16.3033882	16.2490153	18.3105168	18.2735973	
3.313477	16.4643162	16.4148216	18.4714448	18.4306769	
3.323662	16.6272282	16.5806279	18.6343568	18.5964832	
3.333814	16.7896922	16.7551608	18.7968208	18.7622895	
3.34513	16.9708762	16.9296937	18.9780048	18.9280957	
3.354167	17.1153402	17.0955	19.1224688	19.093902	
3.364322	17.2778682	17.2613063	19.2849968	19.2509816	
3.374699	17.4439802	17.4271126	19.4511088	19.4167879	
3.384716	17.6041882	17.5929189	19.6113168	19.5825942	
3.395062	17.7709562	17.7674518	19.7780848	19.7396738	
3.404996	17.9286202	17.9245314	19.9357488	19.9054801	
3.415183	18.0916282	18.0816111	20.0987568	20.0712864	
3.425292	18.2533562	18.2474173	20.2604848	20.228366	
3.435449	18.4158682	18.4132236	20.4229968	20.3941723	
3.446827	18.5981562	18.5703032	20.6052848	20.5599786	
3.455872	18.7427162	18.7273829	20.7498448	20.7170582	
3.46594	18.9037242	18.8844625	20.9108528	20.8828645	
3.476099	19.0663162	19.0415421	21.0734448	21.0399441	
3.486388	19.2309242	19.1986218	21.2380528	21.2057504	
3.496637	19.3949082	19.3557014	21.4020368	21.36283	
3.506762	19.5569562	19.512781	21.5640848	21.537363	
3.516737	19.7170682	19.6698607	21.7241968	21.6944426	
3.52688	19.8787802	19.8269403	21.8859088	21.8515222	
3.537027	20.0410842	19.9840199	22.0482128	22.0086019	
3.555546	20.3375802	20.2807259	22.3447088	22.3053078	
3.560204	20.4119162	20.3505391	22.4190448	22.375121	
3.570388	20.5749082	20.525072	22.5820368	22.5322006	
3.580536	20.7372602	20.6908783	22.7443888	22.6892803	
3.590733	20.9004762	20.8566846	22.9076048	22.8550866	
3.600939	21.0637402	21.0224908	23.0708688	23.0208928	
3.611059	21.2256602	21.1882971	23.2327888	23.1779725	
3.621227	21.3883322	21.36283	23.3954608	23.3350521	
3.631458	21.5520282	21.5286363	23.5591568	23.509585	
3.641528	21.7131322	21.6944426	23.7202608	23.6666647	
3.653108	21.8986202	21.8777022	23.9057488	23.8586509	
3.662341	22.0461882	22.0260552	24.0533168	24.0070039	
3.67237	22.2066522	22.1918614	24.2137808	24.1728101	
3.68252	22.3689882	22.3576677	24.3761168	24.3386164	
3.692708	22.5320122	22.5147474	24.5391408	24.5044227	
3.702865	22.6946042	22.6805536	24.7017328	24.6789556	
3.713039	22.8573242	22.8463599	24.8644528	24.8360353	
3.723198	23.0198202	23.0034395	25.0269488	25.0105682	
3.733352	23.1823002	23.1692458	25.1894288	25.1763745	
3.743538	23.3452442	23.3263255	25.3523728	25.3334541	
3.755129	23.5309242	23.5008584	25.5380528	25.5167137	
3.763873	23.6707162	23.6492114	25.6778448	25.65634	
3.774017	23.8330202	23.806291	25.8401488	25.8134196	
3.784182	23.9956122	23.9633706	26.0027408	25.9792259	
3.794329	24.1580122	24.1204503	26.1651408	26.1363055	
3.804494	24.3205882	24.2775299	26.3277168	26.3021118	
3.814591	24.4832282	24.4346095	26.4903568	26.4591915	
3.824898	24.6471002	24.6004158	26.6542288	26.6162711	
3.834988	24.8084922	24.7574954	26.8156208	26.7820774	
3.845204	24.9720282	24.9233017	26.9791568	26.9304304	
3.857278	25.1653402	25.1152879	27.1724688	27.1224166	
3.865488	25.2965242	25.2461876	27.3036528	27.2533163	
3.875613	25.4584922	25.4119939	27.4656208	27.4191225	
3.885841	25.6221562	25.5778002	27.6292848	27.5762022	
3.89634	25.7901562	25.7436065	27.7972848	27.7332818	
3.906098	25.9462522	25.9006861	27.9533808	27.8990881	
3.916218	26.1081722	26.075219	28.1153008	28.0648944	
3.926393	26.2709562	26.2410253	28.2780848	28.221974	
3.936556	26.4336122	26.4068316	28.4407408	28.3965069	
3.94667	26.5954842	26.5726379	28.6026128	28.5535866	
3.966546	26.9135802	26.8955238	28.9207088	28.8764725	
3.971217	26.9881562	26.9740636	28.9952848	28.9550123	
3.981369	27.1505722	27.1311432	29.1577008	29.1208186	
3.99159	27.3141402	27.2969495	29.3212688	29.2866248	
4.001773	27.4770842	27.4627558	29.4842128	29.4437045	
4.01188	27.6388122	27.6198354	29.6459408	29.6182374	
4.022067	27.8017082	27.7856417	29.8088368	29.775317	
4.032223	27.9642362	27.9427213	29.9713648	29.9411233	
4.042382	28.1267802	28.099801	30.1339088	30.1069296	
4.052501	28.2886842	28.2656072	30.2958128	30.2640092	
4.062775	28.4531642	28.4226869	30.4602928	30.4298155	
4.08086	28.7424602	28.7106662	30.7495888	30.7177948	
4.085503	28.8167322	28.7804794	30.8238608	30.7963347	
4.095673	28.9795162	28.937559	30.9866448	30.9621409	
4.106468	29.1522362	29.1033653	31.1593648	31.1192206	
4.115975	29.3043162	29.2691716	31.3114448	31.2850268	
4.126162	29.4672602	29.4262512	31.4743888	31.4508331	
4.136296	29.6294522	29.5920575	31.6365808	31.6079128	
4.146402	29.7911002	29.7578637	31.7982288	31.773719	
4.164752	30.0848282	29.92367	32.0919568	31.9307987	
4.169543	30.1614362	30.1243829	32.1685648	32.1315115	
4.179618	30.3225402	30.2989158	32.3296688	32.2973178	
4.189811	30.4856762	30.4647221	32.4928048	32.4543974	
4.199971	30.6482202	30.6305284	32.6553488	32.6202037	
4.210416	30.8153722	30.787608	32.8225008	32.7772834	
4.220346	30.9727129	30.9534143	32.9798416	32.9430896	
4.230504	31.1327052	31.1192206	33.1398338	33.1088959	
4.240671	31.2917913	31.2763002	33.29892	33.2659755	
4.25078	31.4489531	31.4333798	33.4560818	33.4317818	
4.26097	31.6063798	31.5991861	33.6135084	33.5888615	
4.279509	31.8885506	31.8871654	33.8956792	33.8855674	
4.284194	31.9598605	31.9569786	33.9669892	33.9641072	
4.294349	32.113321	32.1140582	34.1204497	34.1211869	
4.304526	32.2660947	32.2711379	34.2732234	34.2782665	
4.31511	32.4250772	32.4282175	34.4322058	34.4353461	
4.324847	32.5685089	32.5765705	34.5756375	34.5924258	
4.334945	32.716641	32.7249235	34.7237696	34.7407788	
4.345129	32.8652795	32.8820031	34.8724081	34.8891317	
4.355251	33.0121535	33.0216294	35.0192821	35.0287581	
4.36682	33.1786682	33.1699824	35.1857968	35.1683844	
4.375798	33.306961	33.3183354	35.3140897	35.3080108	
4.385874	33.450009	33.4579618	35.4571376	35.4476371	
4.395948	33.5920735	33.6063147	35.5992021	35.5872634	
4.40615	33.7348572	33.7459411	35.7419859	35.7268898	
4.41658	33.8798193	33.8768408	35.8869479	35.8665161	
4.426456	34.016017	34.0164671	36.0231457	36.0061425	
4.436592	34.1548068	34.1560935	36.1619354	36.1457688	
4.446756	34.2929499	34.2957198	36.3000785	36.2853951	
4.456976	34.4308381	34.4266195	36.4379667	36.4250215	
4.468464	34.5845643	34.5575192	36.591693	36.5559212	
4.477636	34.706369	34.6971455	36.7134976	36.6955475	
4.487552	34.8370995	34.8280452	36.8442281	36.8264472	
4.49762	34.9688833	34.9589449	36.9760119	36.9660736	
4.507925	35.1026735	35.0985713	37.1098021	37.1056999	
4.518221	35.2353051	35.229471	37.2424337	37.2365996	
4.528067	35.3611598	35.3603706	37.3682884	37.3674993	
4.538585	35.4945707	35.4912703	37.5016993	37.498399	
4.548358	35.6174731	35.62217	37.6246017	37.6292987	
4.558485	35.7438919	35.7443431	37.7510206	37.7601984	
4.577601	35.9780836	35.9886892	37.9852122	37.9958178	
4.58237	36.0364647	36.0497757	38.0435934	38.0569043	
4.592488	36.1593504	36.1632221	38.1664791	38.1790774	
4.602659	36.281789	36.2941218	38.2889176	38.3012504	
4.612754	36.4027521	36.4075682	38.4098808	38.4234235	
4.622977	36.523397	36.5297412	38.5305257	38.5368699	
4.633177	36.6431262	36.6519143	38.6502548	38.6590429	
4.643337	36.7613051	36.756634	38.7684337	38.7724893	
4.653486	36.8784598	36.8788071	38.8855884	38.8859357	
4.674712	37.1177397	37.1056999	39.1248683	39.1128285	
4.679467	37.1714073	37.1580598	39.178536	39.1739151	
4.689571	37.2843573	37.2715062	39.291486	39.2786348	
4.699729	37.3968518	37.3849526	39.4039804	39.3833546	
4.709849	37.5079444	37.4896723	39.515073	39.496801	
4.720089	37.6193403	37.6031187	39.626469	39.6015207	
4.730206	37.7283574	37.7165651	39.735486	39.7062405	
4.740429	37.8374856	37.8300115	39.8446142	39.8109602	
4.750607	37.9450775	37.9434579	39.9522061	39.9244066	
4.760769	38.0515501	38.0481777	40.0586788	40.037853	
4.770921	38.1568248	38.1528974	40.1639534	40.1512994	
4.781113	38.2615645	38.2576172	40.2686932	40.2560192	
4.791314	38.3652341	38.362337	40.3723627	40.3694656	
4.80144	38.4671901	38.4670567	40.4743187	40.4741854	
4.811525	38.5677383	38.5717765	40.5748669	40.5789051	
4.821793	38.6690677	38.6677696	40.6761963	40.6836249	
4.83194	38.7681996	38.7637627	40.7753282	40.7883446	
4.842148	38.8668832	38.8684824	40.8740119	40.8843377	
4.852281	38.963792	38.9644756	40.9709206	40.9803308	
4.862411	39.0596764	39.0604687	41.0668051	41.0675973	
4.872601	39.1551177	39.1564618	41.1622463	41.1635904	
4.882831	39.2499058	39.2524549	41.2570344	41.2595835	
4.892972	39.34283	39.348448	41.3499586	41.34685	
4.903123	39.4348451	39.4444411	41.4419737	41.4341164	
4.91324	39.5254895	39.5317076	41.5326181	41.5213829	
4.923456	39.6160301	39.618974	41.6231587	41.6086494	
4.933611	39.7050407	39.7062405	41.7121693	41.6959158	
4.943804	39.7933391	39.7935069	41.8004677	41.7831823	
4.953917	39.8799137	39.8807734	41.8870424	41.8617221	
4.96406	39.9657541	39.9680399	41.9728827	41.9489886	
4.974286	40.0512774	40.0465797	42.058406	42.036255	
4.984511	40.135769	40.1338461	42.1428976	42.1235215	
4.994573	40.2178353	40.212386	42.2249639	42.210788	
5.004759	40.2999259	40.2996524	42.3070545	42.2893278	
5.014976	40.381268	40.3781922	42.3883967	42.3765942	
5.025188	40.4615432	40.4567321	42.4686718	42.4551341	
5.03526	40.5396878	40.5352719	42.5468164	42.5424005	
5.045433	40.6176683	40.6138117	42.6247969	42.6209403	
5.055647	40.6948144	40.6923515	42.7019431	42.6994802	
5.065676	40.7696787	40.7708913	42.7768074	42.77802	
5.076342	40.8481147	40.8407045	42.8552433	42.8565598	
5.086165	40.9194509	40.9105177	42.9265795	42.9350996	
5.096227	40.9914808	40.9890575	42.9986094	43.0049128	
5.106379	41.0631532	41.0675973	43.0702818	43.0834526	
5.116513	41.1337121	41.1374105	43.1408407	43.1532658	
5.126698	41.2036188	41.2159503	43.2107474	43.2230789	
5.136884	41.2724942	41.2857635	43.2796228	43.2841654	
5.146966	41.3396619	41.3555766	43.3467905	43.3539786	
5.165163	41.4569846	41.469023	43.4641132	43.467425	
5.169822	41.4870652	41.5039296	43.4941938	43.5023316	
5.181776	41.5625974	41.5650161	43.5697261	43.5634181	
5.190247	41.6154777	41.6261027	43.6226064	43.615778	
5.200362	41.6775732	41.6871892	43.6847018	43.6768645	
5.210502	41.7388229	41.7482757	43.7459516	43.7379511	
5.220658	41.7991792	41.8006356	43.8063079	43.7990376	
5.230875	41.8588875	41.8617221	43.8660162	43.8601241	
5.241117	41.9177114	41.914082	43.92484	43.912484	
5.251234	41.9747871	41.9751685	43.9819158	43.9648439	
5.26141	42.0312284	42.0275284	44.0383571	44.0259304	
5.271642	42.0869365	42.0798883	44.0940651	44.0782903	
5.283511	42.1501602	42.1322481	44.1572889	44.1306501	
5.291925	42.1943167	42.1758814	44.2014453	44.1917367	
5.302171	42.2470852	42.2282413	44.2542138	44.2440965	
5.31224	42.2979367	42.2806011	44.3050654	44.2964564	
5.32237	42.3481081	42.332961	44.3552367	44.3488163	
5.332546	42.397506	42.3765942	44.4046347	44.4011762	
5.342787	42.4461958	42.4289541	44.4533244	44.453536	
5.352976	42.4936228	42.481314	44.5007515	44.5058959	
5.363105	42.5398175	42.5336739	44.5469462	44.5495292	
5.373226	42.5849556	42.5860337	44.5920843	44.5931624	
5.384967	42.6359486	42.629667	44.6430772	44.6455223	
5.393585	42.6727193	42.6733002	44.679848	44.6891555	
5.403725	42.7149693	42.7256601	44.7220979	44.7327887	
5.41387	42.7562499	42.7605667	44.7633785	44.7676953	
5.424042	42.796645	42.8041999	44.8037737	44.8026019	
5.434277	42.8363007	42.8478331	44.8434294	44.8375085	
5.444397	42.8745052	42.8827397	44.8816338	44.8724151	
5.454664	42.9122598	42.926373	44.9193885	44.9073217	
5.464805	42.9485813	42.9525529	44.95571	44.9422282	
5.475141	42.9845716	42.9874595	44.9917002	44.9771348	
5.487327	43.0254794	43.0223661	45.032608	45.0120414	
5.495993	43.0539852	43.048546	45.0611138	45.046948	
5.506326	43.0869063	43.0747259	45.094035	45.0818546	
5.516272	43.1176398	43.1096325	45.1247684	45.1167612	
5.527945	43.1523652	43.1445391	45.1594938	45.1516677	
5.538099	43.1816652	43.170719	45.1887938	45.1865743	
5.547947	43.2091651	43.1881723	45.2162937	45.2127543	
5.558155	43.2366965	43.2143523	45.2438251	45.2389342	
5.568506	43.2636075	43.2405322	45.2707361	45.2651142	
5.578395	43.2884013	43.2667122	45.29553	45.2912941	
5.590226	43.3166926	43.2928921	45.3238212	45.317474	
5.598872	43.3367705	43.319072	45.3438991	45.3349273	
5.609038	43.3593662	43.3365253	45.3664948	45.3611073	
5.619099	43.3808061	43.3539786	45.3879348	45.3785606	
5.62925	43.4014789	43.3888852	45.4086076	45.3960138	
5.63947	43.4213428	43.4063385	45.4284715	45.4134671	
5.649586	43.4400667	43.4237918	45.4471954	45.4221938	
5.65975	43.4579449	43.4499717	45.4650735	45.4309204	
5.669939	43.474935	43.467425	45.4820636	45.4483737	
5.680111	43.4909702	43.493605	45.4980988	45.465827	
5.691876	43.5082023	43.5110583	45.5153309	45.4832803	
5.700525	43.5203179	43.5197849	45.5274465	45.492007	
5.710702	43.5336087	43.5285115	45.5407373	45.5007336	
5.720903	43.5460301	43.5459648	45.5531587	45.5181869	
5.730975	43.5574245	43.5546915	45.5645531	45.5356402	
5.741199	43.5681015	43.5634181	45.5752301	45.5443668	
5.751314	43.577807	43.5634181	45.5849357	45.5618201	
5.761504	43.5867291	43.5634181	45.5938577	45.5705468	
5.77168	43.5947983	43.5634181	45.601927	45.5880001	
5.78182	43.6020281	43.5634181	45.6091568	45.5967267	
5.793546	43.6092468	43.5721448	45.6163754	45.6054534	
5.802212	43.6141301	43.5721448	45.6212588	45.6054534	
5.812303	43.6190215	43.5721448	45.6261502	45.6054534	
5.822532	43.6232508	43.5721448	45.6303795	45.6054534	
5.832624	43.6267603	43.5721448	45.633889	45.6054534	
5.842841	43.6296697	43.5721448	45.6367983	45.6054534	
5.853006	43.6319917	43.5721448	45.6391203	45.6054534	
5.863159	43.6337868	43.5721448	45.6409154	45.6054534	
5.873322	43.6382749	43.5721448	45.6454035	45.6054534	
5.883469	43.6382749	43.5808714	45.6454035	45.6054534	
5.895182	43.6382749	43.5808714	45.6454035	45.6054534	
5.903878	43.6382749	43.5895981	45.6454035	45.6054534	
5.913989	43.6382749	43.5895981	45.6454035	45.6054534	
5.924142	43.6382749	43.5983247	45.6454035	45.6054534	
5.934298	43.6382749	43.5983247	45.6454035	45.6054534	
5.944425	43.6382749	43.6070514	45.6454035	45.6054534	
5.954587	43.6382749	43.6070514	45.6454035	45.6054534	
5.964792	43.6382749	43.615778	45.6454035	45.6054534	
5.974957	43.6382749	43.615778	45.6454035	45.6054534	
5.99383	43.6382749	43.615778	45.6454035	45.6054534	
5.9986	43.6382749	43.615778	45.6454035	45.6054534	
6.016698	43.6382749	43.615778	45.6454035	45.6054534	
6.021374	43.6382749	43.615778	45.6454035	45.6054534	
6.031574	43.6382749	43.615778	45.6454035	45.6054534	
6.041732	43.6382749	43.615778	45.6454035	45.6054534	
6.051865	43.6382749	43.615778	45.6454035	45.6054534	
6.061986	43.6382749	43.615778	45.6454035	45.6054534	
6.072196	43.6382749	43.615778	45.6454035	45.6054534	
6.082318	43.6382749	43.615778	45.6454035	45.6054534	
6.092519	43.6382749	43.615778	45.6454035	45.6054534	
6.102882	43.6382749	43.615778	45.6454035	45.6054534	
6.112867	43.6382749	43.615778	45.6454035	45.6054534	
6.123024	43.6382749	43.615778	45.6454035	45.6054534	
6.133145	43.6382749	43.615778	45.6454035	45.6054534	
6.14336	43.6382749	43.615778	45.6454035	45.6054534	
6.153466	43.6382749	43.615778	45.6454035	45.6054534	
6.173848	43.6382749	43.615778	45.6454035	45.6054534	
6.178464	43.6382749	43.615778	45.6454035	45.6054534	
6.198658	43.6382749	43.615778	45.6454035	45.6054534	
6.203365	43.6382749	43.615778	45.6454035	45.6054534	
6.213507	43.6382749	43.615778	45.6454035	45.6054534	
6.223777	43.6382749	43.615778	45.6454035	45.6054534	
6.23385	43.6382749	43.615778	45.6454035	45.6054534	
6.243962	43.6382749	43.615778	45.6454035	45.6054534	
6.25424	43.6382749	43.615778	45.6454035	45.6054534	
6.264374	43.6382749	43.615778	45.6454035	45.6054534	
6.274532	43.6382749	43.615778	45.6454035	45.6054534	
6.284718	43.6382749	43.615778	45.6454035	45.6054534	
6.29513	43.6382749	43.615778	45.6454035	45.6054534	
6.305486	43.6382749	43.615778	45.6454035	45.6054534	
6.315161	43.6382749	43.615778	45.6454035	45.6054534	
6.325352	43.6382749	43.615778	45.6454035	45.6054534	
6.335515	43.6382749	43.615778	45.6454035	45.6054534	
6.345633	43.6382749	43.615778	45.6454035	45.6054534	
6.355938	43.6382749	43.615778	45.6454035	45.6054534	
6.365974	43.6382749	43.615778	45.6454035	45.6054534	
6.376161	43.6382749	43.615778	45.6454035	45.6054534	
6.386263	43.6382749	43.615778	45.6454035	45.6054534	
6.3966	43.6382749	43.615778	45.6454035	45.6054534	
6.407145	43.6382749	43.615778	45.6454035	45.6054534	
6.41722	43.6382749	43.615778	45.6454035	45.6054534	
6.435141	43.6382749	43.615778	45.6454035	45.6054534	
6.439894	43.6382749	43.615778	45.6454035	45.6054534	
6.44995	43.6382749	43.615778	45.6454035	45.6054534	
6.46011	43.6382749	43.615778	45.6454035	45.6054534	
6.470307	43.6382749	43.615778	45.6454035	45.6054534	
6.48042	43.6382749	43.615778	45.6454035	45.6054534	
6.490617	43.6382749	43.615778	45.6454035	45.6054534	
6.500739	43.6382749	43.615778	45.6454035	45.6054534	
6.519155	43.6382749	43.615778	45.6454035	45.6054534	
6.523839	43.6382749	43.615778	45.6454035	45.6054534	
6.53404	43.6382749	43.615778	45.6454035	45.6054534	
6.544152	43.6382749	43.615778	45.6454035	45.6054534	
6.554323	43.6382749	43.615778	45.6454035	45.6054534	
6.564468	43.6382749	43.615778	45.6454035	45.6054534	
6.574701	43.6382749	43.615778	45.6454035	45.6054534	
6.584844	43.6382749	43.615778	45.6454035	45.6054534	
6.595179	43.6382749	43.615778	45.6454035	45.6054534	
6.606696	43.6382749	43.615778	45.6454035	45.6054534	
6.615397	43.6382749	43.615778	45.6454035	45.6054534	
6.625521	43.6382749	43.615778	45.6454035	45.6054534	
6.635649	43.6382749	43.615778	45.6454035	45.6054534	
6.646339	43.6382749	43.615778	45.6454035	45.6054534	
6.655994	43.6382749	43.615778	45.6454035	45.6054534	
6.667404	43.6382749	43.615778	45.6454035	45.6054534	
6.676288	43.6382749	43.615778	45.6454035	45.6054534	
6.686447	43.6382749	43.615778	45.6454035	45.6054534	
6.696608	43.6382749	43.615778	45.6454035	45.6054534	
6.708306	43.6382749	43.615778	45.6454035	45.6054534	
6.716998	43.6382749	43.615778	45.6454035	45.6054534	
6.727192	43.6382749	43.615778	45.6454035	45.6054534	
6.737372	43.6382749	43.615778	45.6454035	45.6054534	
6.747428	43.6382749	43.615778	45.6454035	45.6054534	
6.758001	43.6382749	43.615778	45.6454035	45.6054534	
6.767838	43.6382749	43.615778	45.6454035	45.6054534	
6.777899	43.6382749	43.615778	45.6454035	45.6054534	
6.78807	43.6382749	43.615778	45.6454035	45.6054534	
6.798213	43.6382749	43.615778	45.6454035	45.6054534	
6.809908	43.6382749	43.615778	45.6454035	45.6054534	
6.818863	43.6382749	43.615778	45.6454035	45.6054534	
6.828947	43.6382749	43.615778	45.6454035	45.6054534	
6.839097	43.6382749	43.615778	45.6454035	45.6054534	
6.849308	43.6382749	43.615778	45.6454035	45.6054534	
6.859466	43.6382749	43.615778	45.6454035	45.6054534	
6.869637	43.6382749	43.615778	45.6454035	45.6054534	
6.879838	43.6382749	43.615778	45.6454035	45.6054534	
6.899152	43.6382749	43.615778	45.6454035	45.6054534	
6.909649	43.6382749	43.615778	45.6454035	45.6054534	
