0.03461138	
0.03936129	
0.04949211	
0.05976192	
0.06983474	
0.07998156	
0.09023937	
0.1002682	
0.110434	
0.1206078	
0.1307676	
0.1409205	
0.1511113	
0.1612231	
0.1713969	
0.1815457	
0.1917495	
0.2018754	
0.2120672	
0.22217	
0.2322768	
0.2425436	
0.2525854	
0.2627403	
0.2729331	
0.2831179	
0.2935317	
0.3034375	
0.3135863	
0.3238792	
0.333932	
0.3441028	
0.3542466	
0.3643524	
0.3744982	
0.3846661	
0.3970998	
0.4056077	
0.4156055	
0.4260623	
0.4358851	
0.445938	
0.4561368	
0.4662916	
0.4764264	
0.4865682	
0.5046639	
0.5171437	
0.5216006	
0.5318344	
0.5419052	
0.552088	
0.5622849	
0.5723547	
0.5825445	
0.5926933	
0.6028531	
0.6129319	
0.6231308	
0.6334006	
0.6434584	
0.6535772	
0.663749	
0.6739418	
0.6841787	
0.6942115	
0.7043663	
0.7145591	
0.7246809	
0.7348118	
0.7449436	
0.7551864	
0.7654052	
0.775473	
0.7856148	
0.7958217	
0.8059365	
0.8162393	
0.8262241	
0.8363799	
0.8464997	
0.8567796	
0.8751832	
0.8796211	
0.889794	
0.8999948	
0.9104666	
0.9206594	
0.9306842	
0.940795	
0.9509439	
0.9610257	
0.9712525	
0.9814323	
0.9915781	
1.001725	
1.011885	
1.022029	
1.032354	
1.042499	
1.052625	
1.062823	
1.07298	
1.083178	
1.093371	
1.103508	
1.113594	
1.123924	
1.133998	
1.144125	
1.154357	
1.164429	
1.174578	
1.184741	
1.194888	
1.205054	
1.215248	
1.225411	
1.235653	
1.245625	
1.2558	
1.265926	
1.276134	
1.286236	
1.296384	
1.306557	
1.316742	
1.326877	
1.33701	
1.347214	
1.357408	
1.367592	
1.377693	
1.387928	
1.398031	
1.408252	
1.418419	
1.428533	
1.438667	
1.448828	
1.459026	
1.469231	
1.479309	
1.489477	
1.499913	
1.509909	
1.520123	
1.530319	
1.540439	
1.550625	
1.560748	
1.570889	
1.581072	
1.59122	
1.601365	
1.611481	
1.621699	
1.631831	
1.642003	
1.652179	
1.662295	
1.672455	
1.682703	
1.692739	
1.711831	
1.716335	
1.72641	
1.736562	
1.755155	
1.759639	
1.769806	
1.780013	
1.790085	
1.800643	
1.810572	
1.820629	
1.830781	
1.840956	
1.851079	
1.861272	
1.871397	
1.881546	
1.891707	
1.901842	
1.912034	
1.922212	
1.932347	
1.942437	
1.95263	
1.962906	
1.973056	
1.983195	
1.993469	
2.003502	
2.013626	
2.023838	
2.033964	
2.044126	
2.054239	
2.064402	
2.074596	
2.084712	
2.094859	
2.104983	
2.115201	
2.125403	
2.135485	
2.145713	
2.155881	
2.174115	
2.17863	
2.188735	
2.198894	
2.209038	
2.219282	
2.229482	
2.239618	
2.249728	
2.259992	
2.270069	
2.280223	
2.290377	
2.300553	
2.310694	
2.320857	
2.331006	
2.341155	
2.351308	
2.36141	
2.371895	
2.38177	
2.391868	
2.402103	
2.412844	
2.42256	
2.432718	
2.442858	
2.452957	
2.463166	
2.473326	
2.483464	
2.493665	
2.503867	
2.513939	
2.524122	
2.534586	
2.544366	
2.554579	
2.564664	
2.574787	
2.584955	
2.595165	
2.605361	
2.615573	
2.62558	
2.63588	
2.645828	
2.656024	
2.666159	
2.676324	
2.686441	
2.696609	
2.714686	
2.719117	
2.729308	
2.739449	
2.749637	
2.759763	
2.769936	
2.780139	
2.790259	
2.800544	
2.810638	
2.820701	
2.830841	
2.840967	
2.851126	
2.861303	
2.871443	
2.881586	
2.891758	
2.901906	
2.912107	
2.922213	
2.932383	
2.942532	
2.952692	
2.962854	
2.972974	
2.98313	
2.993243	
3.003432	
3.013618	
3.023724	
3.034017	
3.044164	
3.05429	
3.064439	
3.074597	
3.084728	
3.094854	
3.104989	
3.115425	
3.125424	
3.135483	
3.14561	
3.155774	
3.165905	
3.176055	
3.186211	
3.196392	
3.206494	
3.216727	
3.226926	
3.236983	
3.247103	
3.257297	
3.267473	
3.277643	
3.287827	
3.297975	
3.308202	
3.318296	
3.328499	
3.338672	
3.348802	
3.358909	
3.369113	
3.379207	
3.389476	
3.399538	
3.409687	
3.419952	
3.430077	
3.44021	
3.450338	
3.460536	
3.470666	
3.480824	
3.491001	
3.501164	
3.511287	
3.521453	
3.531632	
3.541765	
3.551924	
3.562067	
3.572231	
3.582353	
3.592536	
3.602732	
3.612852	
3.622991	
3.633127	
3.643307	
3.653484	
3.663597	
3.67374	
3.684363	
3.694101	
3.704162	
3.714312	
3.724461	
3.734665	
3.74477	
3.754957	
3.765063	
3.775256	
3.785453	
3.795533	
3.807983	
3.815813	
3.825923	
3.836156	
3.846423	
3.85638	
3.866562	
3.876713	
3.886863	
3.897074	
3.907218	
3.917458	
3.927545	
3.937707	
3.947872	
3.958015	
3.968182	
3.978328	
3.988512	
3.998662	
4.008815	
4.01901	
4.029108	
4.039311	
4.049451	
4.067461	
4.077129	
4.087253	
4.097396	
4.107557	
4.117778	
4.127929	
4.138107	
4.14829	
4.158448	
4.168588	
4.17879	
4.188897	
4.199069	
4.209236	
4.21938	
4.237499	
4.24194	
4.252127	
4.262272	
4.272438	
4.282629	
4.292737	
4.303086	
4.313041	
4.32321	
4.333338	
4.343484	
4.353611	
4.363752	
4.373954	
4.384112	
4.395599	
4.404387	
4.417028	
4.4252	
4.435377	
4.445486	
4.45569	
4.465747	
4.475933	
4.486083	
4.496208	
4.506548	
4.516563	
4.526743	
4.536884	
4.547031	
4.55715	
4.56727	
4.577449	
4.58764	
4.59782	
4.607936	
4.618161	
4.628347	
4.638506	
4.648601	
4.658844	
4.668952	
4.679151	
4.689278	
4.699411	
4.709635	
4.7199	
4.729911	
4.740079	
4.750212	
4.760368	
4.77054	
4.780764	
4.790903	
4.801015	
4.821264	
4.825762	
4.83588	
4.845979	
4.856172	
4.866319	
4.876483	
4.886619	
4.896886	
4.906993	
4.917154	
4.927274	
4.937457	
4.94765	
4.957859	
4.968023	
4.978141	
4.988387	
4.99853	
5.008646	
5.018859	
5.028967	
5.03915	
5.049276	
5.059461	
5.069689	
5.07977	
5.089931	
5.100186	
5.110208	
5.120385	
5.130554	
5.140721	
5.150917	
5.161025	
5.171213	
5.181365	
5.191534	
5.201736	
5.211869	
5.222001	
5.232159	
5.242261	
5.252471	
5.262606	
5.272783	
5.283004	
5.293204	
5.303284	
5.313423	
5.323573	
5.333828	
5.343926	
5.353991	
5.364174	
5.374262	
5.384436	
5.394571	
5.404742	
5.41491	
5.425027	
5.435217	
5.445378	
5.455522	
5.46567	
5.475806	
5.485974	
5.496119	
5.506256	
5.516483	
5.526546	
5.536784	
5.546942	
5.557029	
5.567469	
5.577653	
5.587816	
5.597987	
5.608121	
5.618308	
5.628542	
5.63877	
5.648766	
5.658979	
5.669108	
5.679244	
5.689411	
5.699575	
5.709796	
5.719879	
5.730079	
5.748155	
5.752577	
5.76277	
5.772902	
5.783054	
5.793163	
5.803342	
5.823501	
5.827943	
5.838076	
5.848245	
5.858371	
5.868609	
5.878698	
5.888862	
5.899083	
5.909184	
5.919363	
5.9295	
5.939713	
5.949943	
5.960043	
5.970195	
5.980439	
5.990527	
6.000685	
6.010862	
6.021013	
6.031157	
6.041351	
6.051475	
6.061718	
6.071824	
6.081958	
6.092123	
6.102273	
6.11236	
6.122596	
6.132775	
6.142909	
6.153073	
6.163242	
6.173363	
6.183498	
6.193645	
6.203871	
6.214005	
6.224119	
6.234256	
6.244464	
6.254578	
6.26471	
6.274882	
6.284998	
6.295158	
6.314637	
6.319142	
6.329238	
6.339397	
6.349601	
6.359717	
6.369893	
6.38007	
6.390178	
6.400443	
6.41058	
6.420802	
6.430905	
6.441056	
6.451227	
6.461735	
6.471599	
6.481773	
6.491858	
6.502032	
6.512233	
6.522543	
6.532758	
6.542854	
6.553194	
6.563265	
6.5733	
6.583479	
6.593619	
6.603719	
6.621891	
6.626331	
6.636543	
6.646677	
6.665326	
6.669888	
6.679941	
6.69006	
6.700304	
6.710395	
6.720542	
6.730718	
6.740891	
6.751029	
6.76115	
6.771374	
6.781507	
6.791647	
6.801823	
6.812524	
6.822129	
6.832257	
6.842393	
6.852564	
6.862721	
6.872878	
6.883076	
6.893166	
6.90332	
6.913653	
6.92366	
6.93391	
6.94396	
6.954095	
6.964272	
6.974385	
6.984529	
6.994666	
7.004845	
7.014969	
7.025108	
7.043394	
7.047808	
7.058016	
7.068197	
7.078328	
7.088492	
7.098648	
7.108812	
7.118964	
7.129107	
7.139338	
7.149488	
7.159606	
7.16982	
7.179943	
7.190346	
7.200481	
7.210623	
7.220829	
7.230953	
7.241096	
7.251248	
7.261387	
7.271561	
7.281705	
7.291881	
7.302122	
7.312227	
7.32236	
7.332638	
7.342739	
7.35286	
7.362991	
7.373145	
7.383237	
7.393435	
7.403619	
7.414312	
7.42394	
7.434126	
7.444178	
7.454351	
7.464504	
7.474634	
7.484814	
7.494933	
7.505079	
7.515357	
7.525433	
7.535521	
7.54567	
7.555875	
7.573965	
7.578412	
7.588662	
7.598779	
7.608875	
7.619114	
7.629204	
7.63947	
7.649493	
7.659693	
7.669893	
7.680003	
7.690153	
7.700321	
7.711037	
7.720631	
7.730788	
7.740957	
7.751105	
7.761245	
7.771448	
7.781572	
7.791722	
7.801905	
7.812048	
7.822263	
7.832367	
7.842492	
7.852824	
7.862915	
7.873132	
7.8833	
7.893412	
7.903549	
7.913682	
7.923914	
7.941943	
7.946377	
7.956576	
7.96673	
7.976864	
7.986969	
7.99716	
8.007292	
8.017451	
8.027637	
8.03794	
8.047932	
8.0581	
8.068277	
8.078433	
8.088581	
8.098756	
8.108908	
8.119056	
8.129221	
8.139419	
8.149557	
8.159695	
8.169868	
8.180043	
8.190239	
8.200392	
8.210561	
8.220774	
8.230892	
8.241049	
8.251202	
8.261344	
8.271496	
8.281661	
8.291828	
8.302057	
8.312133	
8.322298	
8.332483	
8.34263	
8.352786	
8.362877	
8.373083	
8.383243	
8.393629	
8.404282	
8.41399	
8.424311	
8.434425	
8.444612	
8.454746	
8.464905	
8.475075	
8.485244	
8.49583	
8.505504	
8.515806	
8.525893	
8.536017	
8.546339	
8.556384	
8.566483	
8.576629	
8.587044	
8.596991	
8.607332	
8.617531	
8.627676	
8.63783	
8.648002	
8.658218	
8.668377	
8.678508	
8.688672	
8.698868	
8.709045	
8.719115	
8.729337	
8.739493	
8.749651	
8.759804	
8.770019	
8.780141	
8.790323	
8.800435	
8.810622	
8.830889	
8.835509	
8.845476	
8.856272	
8.865799	
8.877373	
8.894268	
8.898733	
8.908893	
8.919084	
8.929198	
8.939409	
8.949544	
8.95963	
8.96983	
8.980037	
8.998179	
9.00262	
9.012844	
9.022932	
9.033071	
9.043331	
9.053332	
9.067352	
9.077211	
9.087309	
9.097452	
9.1076	
9.117797	
9.127932	
9.138104	
9.148272	
9.158444	
9.168685	
9.178808	
9.188974	
9.199082	
9.209253	
9.219445	
9.229563	
9.239702	
9.24983	
9.260047	
9.270266	
9.280351	
9.290468	
9.300673	
9.310787	
9.320939	
9.331096	
9.341253	
9.351416	
9.361528	
9.371731	
9.382058	
9.392067	
9.402219	
9.412334	
9.422521	
9.432722	
9.442817	
9.452974	
9.463123	
9.473266	
9.491547	
9.495991	
9.506146	
9.516305	
9.526462	
9.536614	
9.554876	
9.559318	
9.56945	
9.579614	
9.589748	
9.599906	
9.610039	
9.620175	
9.630412	
9.640511	
9.65064	
9.661058	
9.671188	
9.681152	
9.691378	
9.701478	
9.71158	
9.721789	
9.731964	
9.742168	
9.752261	
9.76236	
9.772565	
9.78274	
9.792854	
9.803045	
9.813203	
9.833341	
9.837796	
9.847912	
9.858066	
9.868261	
9.878457	
9.888617	
9.898785	
9.909008	
9.919127	
9.92925	
9.939443	
9.949586	
9.959715	
9.969886	
9.980063	
9.998173	
10.00261	
10.01289	
10.02295	
10.03309	
10.04335	
10.05337	
10.06358	
10.07371	
10.08393	
10.09401	
10.10415	
10.12238	
10.12692	
10.13709	
10.1473	
10.15748	
10.16761	
10.17775	
10.18794	
10.19809	
10.20825	
10.21846	
10.22859	
10.23874	
10.24886	
10.25902	
10.26925	
10.27935	
10.28953	
10.29973	
10.31823	
10.32279	
10.33293	
10.34304	
10.35319	
10.36334	
10.37351	
10.38365	
10.39421	
10.41458	
10.41933	
10.42928	
10.43966	
10.44953	
10.45971	
10.46981	
10.48005	
10.49023	
10.50034	
10.51052	
10.52062	
10.53103	
10.54105	
10.55117	
10.56128	
10.57148	
10.58162	
10.59176	
10.60194	
10.61206	
10.62227	
10.63238	
10.64273	
10.6528	
10.66286	
10.67296	
10.68314	
10.69329	
10.70345	
10.7136	
10.72384	
10.73391	
10.7441	
10.75423	
10.76435	
10.77452	
10.78843	
10.79489	
10.80505	
10.81511	
10.83589	
10.84035	
10.85048	
10.86064	
10.87081	
10.88095	
10.89113	
10.9013	
10.91143	
10.92164	
10.93185	
10.94194	
10.95209	
10.96228	
10.97241	
10.98261	
10.99274	
11.00291	
11.01311	
11.02316	
11.03336	
11.04359	
11.05367	
11.06388	
11.07398	
11.08413	
11.09462	
11.1044	
11.11454	
11.1247	
11.13853	-111.171618	-111.168747	-110.866186	-110.863314	
11.14503	-111.17315	-111.168747	-110.867718	-110.863314	
11.1554	-111.176871	-111.168747	-110.871438	-110.872041	
11.1654	-111.181437	-111.177473	-110.876005	-110.872041	
11.17549	-111.187071	-111.177473	-110.881638	-110.880767	
11.18563	-111.193756	-111.177473	-110.888323	-110.880767	
11.19577	-111.201485	-111.168747	-110.896053	-110.889494	
11.20609	-111.210418	-111.168747	-110.904985	-110.898221	
11.21607	-111.220024	-111.168747	-110.914591	-110.898221	
11.2262	-111.230815	-111.168747	-110.925382	-110.906947	
11.23638	-111.242713	-111.168747	-110.93728	-110.915674	
11.24663	-111.255738	-111.168747	-110.950306	-110.915674	
11.26527	-111.283681	-111.168747	-110.978248	-110.915674	
11.26995	-111.290582	-111.168747	-110.985149	-110.915674	
11.2801	-111.306875	-111.168747	-111.001443	-110.915674	
11.29031	-111.324303	-111.177473	-111.018871	-110.915674	
11.30044	-111.342603	-111.177473	-111.03717	-110.915674	
11.31062	-111.362051	-111.177473	-111.056618	-110.915674	
11.32077	-111.382473	-111.177473	-111.07704	-110.915674	
11.33094	-111.403962	-111.177473	-111.098529	-110.915674	
11.34275	-111.430437	-111.177473	-111.125004	-110.915674	
11.35134	-111.450245	-111.177473	-111.144813	-110.915674	
11.36142	-111.474601	-111.177473	-111.169168	-110.915674	
11.37165	-111.500399	-111.177473	-111.194967	-110.915674	
11.38174	-111.52686	-111.177473	-111.221427	-110.915674	
11.39196	-111.554664	-111.177473	-111.249232	-110.915674	
11.4021	-111.583314	-111.177473	-111.277882	-110.924401	
11.41227	-111.613092	-111.1862	-111.307659	-110.933127	
11.42252	-111.644156	-111.194927	-111.338723	-110.941854	
11.43256	-111.67554	-111.203653	-111.370107	-110.950581	
11.44443	-111.714233	-111.221107	-111.4088	-110.968034	
11.46099	-111.771279	-111.247287	-111.465847	-110.994214	
11.46565	-111.787276	-111.256013	-111.481843	-111.00294	
11.47582	-111.823498	-111.282193	-111.518065	-111.02912	
11.48609	-111.86114	-111.308373	-111.555707	-111.0553	
11.49611	-111.898837	-111.334553	-111.593405	-111.072754	
11.50634	-111.938422	-111.360733	-111.632989	-111.098934	
11.51645	-111.978534	-111.39564	-111.673102	-111.13384	
11.52666	-112.020095	-111.430546	-111.714662	-111.16002	
11.54648	-112.105711	-111.500359	-111.800278	-111.229833	
11.55121	-112.125944	-111.526539	-111.820512	-111.247287	
11.56133	-112.17062	-111.561446	-111.865188	-111.282193	
11.5716	-112.217085	-111.605079	-111.911653	-111.3171	
11.5817	-112.263748	-111.648712	-111.958315	-111.360733	
11.59178	-112.311293	-111.701072	-112.005861	-111.404366	
11.60199	-112.360595	-111.753432	-112.055162	-111.447999	
11.61216	-112.410636	-111.805792	-112.105203	-111.500359	
11.6224	-112.462155	-111.866878	-112.156722	-111.552719	
11.63252	-112.514058	-111.919238	-112.208625	-111.613806	
11.64261	-112.566807	-111.980325	-112.261375	-111.666166	
11.66109	-112.667707	-112.093771	-112.362275	-111.770885	
11.66577	-112.693089	-112.128678	-112.387657	-111.805792	
11.67592	-112.749564	-112.189764	-112.444132	-111.866878	
11.68608	-112.807076	-112.259577	-112.501643	-111.927965	
11.69624	-112.865671	-112.329391	-112.560239	-111.997778	
11.7064	-112.925528	-112.399204	-112.620096	-112.067591	
11.71657	-112.986009	-112.469017	-112.680577	-112.137404	
11.72679	-113.048046	-112.53883	-112.742613	-112.207218	
11.73689	-113.110418	-112.608643	-112.804985	-112.277031	
11.74849	-113.183508	-112.678457	-112.878076	-112.346844	
11.75755	-113.241256	-112.74827	-112.935823	-112.416657	
11.76772	-113.307062	-112.826809	-113.00163	-112.48647	
11.77786	-113.373853	-112.896623	-113.06842	-112.556283	
11.78804	-113.441878	-112.975162	-113.136446	-112.634823	
11.79823	-113.511071	-113.053702	-113.205639	-112.704636	
11.80837	-113.580832	-113.132242	-113.275399	-112.77445	
11.81853	-113.651862	-113.202055	-113.346429	-112.852989	
11.83809	-113.793395	-113.350408	-113.487962	-112.992616	
11.84307	-113.830051	-113.376588	-113.524619	-113.027522	
11.85301	-113.902172	-113.463855	-113.596739	-113.106062	
11.8633	-113.978719	-113.542394	-113.673286	-113.184602	
11.87331	-114.054079	-113.620934	-113.748647	-113.263142	
11.88348	-114.131772	-113.690747	-113.826339	-113.341682	
11.89361	-114.210167	-113.769287	-113.904735	-113.428948	
11.90384	-114.29038	-113.847827	-113.984947	-113.498761	
11.91392	-114.370416	-113.935094	-114.064984	-113.586028	
11.92427	-114.453805	-114.013633	-114.148372	-113.664568	
11.93435	-114.535876	-114.092173	-114.230443	-113.751834	
11.94465	-114.620869	-114.170713	-114.315437	-113.830374	
11.95481	-114.705818	-114.249253	-114.400385	-113.91764	
11.96503	-114.792128	-114.336519	-114.486695	-114.004907	
11.97511	-114.878279	-114.423786	-114.572846	-114.092173	
11.99322	-115.037296	-114.563412	-114.731863	-114.249253	
11.99794	-115.078615	-114.607045	-114.773183	-114.292886	
12.0081	-115.168839	-114.694312	-114.863407	-114.380153	
12.01827	-115.260232	-114.772852	-114.954799	-114.467419	
12.02843	-115.352612	-114.868845	-115.04718	-114.554685	
12.03875	-115.447456	-114.947385	-115.142023	-114.650679	
12.04877	-115.540568	-115.043378	-115.235135	-114.737945	
12.05901	-115.636746	-115.130644	-115.331313	-114.833938	
12.06919	-115.733384	-115.226637	-115.427951	-114.929931	
12.0793	-115.830453	-115.32263	-115.52502	-115.025924	
12.0894	-115.928358	-115.418623	-115.622925	-115.121917	
12.09968	-116.029124	-115.50589	-115.723691	-115.217911	
12.10973	-116.128644	-115.61061	-115.823211	-115.313904	
12.11996	-116.230931	-115.706603	-115.925498	-115.418623	
12.1301	-116.333402	-115.802596	-116.027969	-115.523343	
12.14029	-116.437419	-115.907316	-116.131986	-115.619336	
12.15922	-116.635173	-116.099302	-116.32974	-115.811323	
12.16399	-116.684787	-116.151662	-116.379355	-115.863682	
12.17409	-116.791222	-116.247655	-116.485789	-115.959676	
12.18424	-116.89929	-116.352375	-116.593857	-116.064395	
12.19433	-117.008116	-116.465821	-116.702684	-116.169115	
12.20465	-117.119806	-116.570541	-116.814373	-116.273835	
12.21473	-117.230067	-116.683987	-116.924634	-116.378555	
12.22486	-117.342025	-116.788707	-117.036592	-116.483274	
12.23501	-117.455292	-116.902153	-117.14986	-116.587994	
12.24527	-117.5708	-117.0156	-117.265367	-116.70144	
12.26359	-117.781193	-117.216313	-117.47576	-116.893427	
12.26844	-117.836736	-117.277399	-117.531303	-116.945787	
12.27856	-117.95396	-117.390845	-117.648527	-117.059233	
12.28863	-118.071626	-117.513019	-117.766194	-117.163953	
12.29876	-118.191143	-117.635192	-117.88571	-117.277399	
12.30898	-118.312722	-117.748638	-118.007289	-117.390845	
12.3191	-118.434095	-117.870811	-118.128662	-117.513019	
12.32924	-118.556786	-117.992984	-118.251353	-117.626465	
12.33942	-118.680851	-118.123884	-118.375419	-117.748638	
12.34956	-118.805615	-118.246057	-118.500182	-117.870811	
12.3612	-118.950221	-118.385683	-118.644788	-118.010437	
12.37137	-119.077638	-118.507856	-118.772205	-118.141337	
12.38155	-119.205899	-118.638756	-118.900466	-118.26351	
12.39166	-119.334614	-118.769656	-119.029182	-118.385683	
12.41132	-119.589536	-119.014002	-119.284103	-118.638756	
12.41646	-119.655999	-119.075088	-119.350567	-118.699842	
12.42617	-119.782909	-119.205988	-119.477476	-118.830742	
12.43635	-119.916993	-119.345614	-119.61156	-118.961642	
12.44654	-120.052141	-119.476514	-119.746708	-119.092542	
12.45666	-120.187406	-119.607414	-119.881974	-119.232168	
12.46847	-120.346789	-119.764493	-120.041356	-119.380521	
12.48661	-120.595511	-120.008839	-120.290079	-119.633594	
12.4913	-120.659632	-120.061199	-120.3542	-119.69468	
12.50146	-120.800068	-120.200826	-120.494635	-119.834306	
12.51162	-120.941579	-120.340452	-120.636146	-119.973933	
12.52176	-121.083741	-120.480078	-120.778308	-120.113559	
12.53199	-121.228258	-120.619705	-120.922825	-120.253185	
12.54212	-121.372341	-120.759331	-121.066909	-120.401538	
12.55222	-121.516987	-120.898957	-121.211555	-120.549891	
12.56335	-121.677816	-121.056037	-121.372383	-120.698244	
12.57261	-121.81326	-121.17821	-121.507827	-120.837871	
12.58283	-121.961819	-121.326563	-121.656386	-120.986224	
12.59295	-122.110918	-121.474916	-121.805485	-121.143303	
12.60316	-122.26239	-121.623269	-121.956957	-121.291656	
12.6133	-122.413727	-121.771622	-122.108295	-121.440009	
12.62346	-122.566547	-121.919975	-122.261114	-121.597089	
12.63358	-122.719818	-122.068328	-122.414385	-121.754169	
12.64394	-122.877763	-122.225408	-122.57233	-121.911248	
12.65441	-123.038471	-122.382487	-122.733039	-122.068328	
12.66507	-123.203274	-122.548293	-122.897841	-122.234134	
12.67424	-123.345693	-122.696646	-123.040261	-122.373761	
12.6844	-123.504659	-122.844999	-123.199226	-122.53084	
12.69458	-123.664974	-123.010806	-123.359541	-122.68792	
12.70469	-123.825301	-123.159159	-123.519868	-122.836273	
12.71482	-123.986845	-123.324965	-123.681412	-122.993352	
12.72503	-124.150333	-123.473318	-123.8449	-123.150432	
12.73512	-124.311709	-123.639124	-124.006276	-123.307512	
12.74534	-124.475229	-123.796204	-124.169796	-123.464591	
12.75593	-124.644653	-123.953283	-124.33922	-123.621671	
12.76693	-124.820845	-124.136543	-124.515412	-123.796204	
12.77579	-124.962461	-124.276169	-124.657028	-123.93583	
12.78592	-125.124477	-124.441976	-124.819044	-124.084183	
12.79608	-125.287005	-124.599055	-124.981572	-124.249989	
12.80618	-125.448573	-124.764862	-125.14314	-124.407069	
12.81637	-125.611757	-124.930668	-125.306324	-124.564149	
12.82916	-125.816397	-125.087747	-125.510964	-124.721228	
12.83671	-125.937133	-125.253554	-125.6317	-124.887035	
12.8469	-126.100237	-125.41936	-125.794804	-125.052841	
12.85702	-126.262093	-125.585166	-125.95666	-125.209921	
12.86866	-126.448445	-125.777153	-126.143012	-125.384453	
12.87785	-126.595437	-125.925506	-126.290004	-125.541533	
12.88779	-126.754429	-126.082585	-126.448996	-125.689886	
12.89796	-126.917133	-126.248391	-126.6117	-125.855692	
12.90813	-127.079725	-126.414198	-126.774292	-126.012772	
12.91827	-127.242013	-126.571277	-126.93658	-126.169852	
12.9285	-127.405757	-126.737084	-127.100324	-126.335658	
12.93866	-127.568461	-126.90289	-127.263028	-126.501464	
12.94882	-127.730893	-127.05997	-127.42546	-126.658544	
12.95895	-127.892925	-127.225776	-127.587492	-126.815623	
12.9704	-128.076269	-127.409035	-127.770836	-126.998883	
12.97968	-128.224733	-127.557388	-127.9193	-127.147236	
12.98949	-128.38014	-127.714468	-128.074707	-127.304316	
12.99962	-128.539716	-127.880274	-128.234283	-127.461395	
13.00972	-128.697812	-128.037354	-128.39238	-127.627202	
13.02002	-128.857949	-128.211887	-128.552517	-127.793008	
13.03012	-129.014025	-128.368966	-128.708592	-127.950087	
13.04043	-129.172298	-128.534773	-128.866865	-128.12462	
13.05043	-129.325278	-128.700579	-129.019846	-128.2817	
13.06058	-129.478629	-128.857659	-129.173196	-128.43878	
13.07213	-129.652215	-129.049645	-129.346782	-128.622039	
13.08098	-129.784507	-129.189271	-129.479074	-128.770392	
13.09111	-129.934938	-129.355078	-129.629505	-128.927472	
13.10135	-130.085902	-129.520884	-129.780469	-129.084551	
13.11137	-130.232656	-129.677963	-129.927223	-129.241631	
13.12159	-130.381399	-129.852496	-130.075966	-129.407437	
13.1318	-130.528895	-130.009576	-130.223463	-129.564517	
13.14191	-130.673801	-130.166656	-130.368368	-129.730323	
13.15208	-130.818855	-130.332462	-130.513422	-129.887403	
13.16219	-130.961765	-130.489542	-130.656333	-130.044483	
13.17392	-131.126504	-130.672801	-130.821071	-130.227742	
13.18307	-131.253991	-130.812427	-130.948559	-130.367368	
13.19318	-131.393866	-130.969507	-131.088434	-130.533175	
13.20336	-131.533712	-131.126587	-131.228279	-130.681528	
13.21347	-131.671766	-131.283666	-131.366334	-130.847334	
13.22365	-131.809533	-131.432019	-131.5041	-131.004414	
13.23389	-131.947102	-131.589099	-131.641669	-131.152767	
13.24398	-132.081672	-131.737452	-131.776239	-131.309846	
13.25417	-132.216561	-131.885805	-131.911128	-131.458199	
13.2646	-132.353684	-132.034158	-132.048251	-131.615279	
13.27559	-132.496849	-132.199964	-132.191416	-131.781085	
13.28461	-132.613515	-132.330864	-132.308082	-131.911985	
13.29481	-132.744448	-132.47049	-132.439015	-132.060338	
13.30492	-132.873121	-132.610117	-132.567689	-132.208691	
13.31508	-133.001713	-132.749743	-132.696281	-132.348317	
13.32539	-133.130833	-132.898096	-132.825401	-132.487944	
13.33542	-133.255529	-133.028996	-132.950096	-132.62757	
13.3456	-133.38116	-133.168622	-133.075728	-132.767196	
13.35579	-133.505976	-133.308248	-133.200543	-132.906823	
13.36616	-133.631743	-133.439148	-133.326311	-133.046449	
13.37731	-133.765816	-133.587501	-133.460383	-133.194802	
13.38622	-133.872268	-133.692221	-133.566835	-133.308248	
13.39636	-133.992207	-133.82312	-133.686774	-133.439148	
13.40652	-134.111448	-133.945293	-133.806015	-133.570048	
13.41668	-134.229708	-134.076193	-133.924275	-133.700947	
13.43531	-134.442333	-134.294359	-134.1369	-133.92784	
13.44001	-134.496076	-134.355446	-134.190643	-133.988927	
13.45017	-134.610965	-134.468892	-134.305532	-134.1111	
13.46039	-134.725435	-134.591065	-134.420002	-134.233273	
13.47054	-134.838178	-134.704512	-134.532746	-134.355446	
13.48076	-134.950734	-134.817958	-134.645301	-134.468892	
13.49196	-135.072777	-134.940131	-134.767345	-134.599792	
13.502	-135.181124	-135.053578	-134.875691	-134.704512	
13.51237	-135.292194	-135.158297	-134.986761	-134.826685	
13.52278	-135.402434	-135.263017	-135.097001	-134.931404	
13.53315	-135.511227	-135.367737	-135.205795	-135.036124	
13.54731	-135.657499	-135.51609	-135.352066	-135.184477	
13.55754	-135.762381	-135.62081	-135.456949	-135.289197	
13.56764	-135.864926	-135.725529	-135.559494	-135.38519	
13.57957	-135.984628	-135.830249	-135.679195	-135.48991	
13.58817	-136.070213	-135.934969	-135.76478	-135.59463	
13.59831	-136.170179	-136.030962	-135.864746	-135.690623	
13.60848	-136.269356	-136.135682	-135.963923	-135.777889	
13.61873	-136.368203	-136.231675	-136.06277	-135.873882	
13.62908	-136.467094	-136.327668	-136.161661	-135.969875	
13.63934	-136.564041	-136.423661	-136.258608	-136.057142	
13.64939	-136.658116	-136.519654	-136.352684	-136.153135	
13.65988	-136.755059	-136.615647	-136.449626	-136.240401	
13.66986	-136.846398	-136.71164	-136.540966	-136.327668	
13.68148	-136.951377	-136.807633	-136.645944	-136.432388	
13.69031	-137.030429	-136.886173	-136.724996	-136.510927	
13.70057	-137.12125	-136.982166	-136.815818	-136.589467	
13.71099	-137.212425	-137.078159	-136.906993	-136.676734	
13.72102	-137.299223	-137.165426	-136.99379	-136.764	
13.73122	-137.386423	-137.252692	-137.08099	-136.851267	
13.74154	-137.473594	-137.339959	-137.168161	-136.938533	
13.75166	-137.558126	-137.427225	-137.252693	-137.0258	
13.76193	-137.642823	-137.514492	-137.33739	-137.113066	
13.77221	-137.72665	-137.593032	-137.421217	-137.200332	
13.78323	-137.815195	-137.680298	-137.509762	-137.287599	
13.79369	-137.898207	-137.767565	-137.592774	-137.374865	
13.80376	-137.977276	-137.846104	-137.671844	-137.453405	
13.81404	-138.056782	-137.924644	-137.751349	-137.531945	
13.82466	-138.137969	-138.003184	-137.832536	-137.619212	
13.83442	-138.211543	-138.081724	-137.90611	-137.689025	
13.84461	-138.287396	-138.160264	-137.981963	-137.767565	
13.85498	-138.363517	-138.230077	-138.058085	-137.846104	
13.8651	-138.436854	-138.308617	-138.131422	-137.915917	
13.87542	-138.510565	-138.37843	-138.205132	-137.985731	
13.88582	-138.583818	-138.448243	-138.278385	-138.055544	
13.89583	-138.653361	-138.518056	-138.347929	-138.125357	
13.90599	-138.722862	-138.587869	-138.417429	-138.19517	
13.91624	-138.792054	-138.657682	-138.486621	-138.264983	
13.92652	-138.860379	-138.727496	-138.554947	-138.334797	
13.93668	-138.926905	-138.788582	-138.621472	-138.40461	
13.947	-138.993474	-138.858395	-138.688042	-138.465696	
13.95722	-139.05834	-138.919482	-138.752907	-138.535509	
13.96742	-139.122071	-138.980568	-138.816638	-138.596596	
13.97808	-139.187565	-139.041655	-138.882132	-138.666409	
13.98848	-139.250415	-139.102741	-138.944982	-138.718769	
13.99822	-139.308406	-139.155101	-139.002973	-138.779855	
14.00836	-139.367764	-139.216188	-139.062331	-138.840942	
14.01868	-139.427339	-139.268548	-139.121906	-138.902029	
14.02884	-139.484621	-139.320908	-139.179189	-138.963115	
14.03915	-139.54193	-139.381994	-139.236497	-139.015475	
14.04933	-139.597463	-139.434354	-139.29203	-139.067835	
14.05955	-139.652252	-139.486714	-139.346819	-139.128921	
14.06986	-139.706463	-139.539074	-139.40103	-139.190008	
14.08002	-139.758898	-139.591434	-139.453466	-139.242368	
14.09024	-139.81066	-139.635067	-139.505228	-139.294728	
14.10051	-139.861619	-139.687427	-139.556186	-139.347087	
14.11074	-139.91139	-139.73106	-139.605958	-139.399447	
14.12096	-139.960148	-139.78342	-139.654715	-139.451807	
14.13138	-140.008779	-139.83578	-139.703346	-139.49544	
14.14981	-140.090824	-139.914319	-139.785391	-139.582707	
14.15478	-140.113013	-139.940499	-139.80758	-139.608887	
14.16501	-140.157503	-139.984133	-139.852071	-139.65252	
14.17535	-140.201395	-140.027766	-139.895963	-139.696153	
14.18713	-140.250008	-140.080126	-139.944575	-139.748513	
14.19583	-140.285338	-140.115032	-139.979905	-139.78342	
14.20613	-140.326056	-140.149939	-140.020623	-139.827053	
14.21616	-140.36479	-140.193572	-140.059357	-139.86196	
14.22635	-140.403122	-140.237205	-140.097689	-139.905593	
14.23664	-140.440811	-140.272112	-140.135379	-139.940499	
14.26377	-140.531111	-140.376832	-140.225678	-140.045219	
14.2687	-140.547816	-140.394285	-140.242383	-140.062672	
14.279	-140.581446	-140.429192	-140.276014	-140.097579	
14.28934	-140.61421	-140.464098	-140.308778	-140.132486	
14.29961	-140.645767	-140.499005	-140.340334	-140.167392	
14.30976	-140.676002	-140.525185	-140.370569	-140.202299	
14.32021	-140.706138	-140.551365	-140.400705	-140.237205	
14.33028	-140.734202	-140.586271	-140.42877	-140.263385	
14.34056	-140.761878	-140.612451	-140.456445	-140.289565	
14.35078	-140.788452	-140.638631	-140.483019	-140.315745	
14.361	-140.814062	-140.664811	-140.508629	-140.341925	
14.37122	-140.838727	-140.690991	-140.533295	-140.368105	
14.38154	-140.862628	-140.708444	-140.557195	-140.394285	
14.39201	-140.885875	-140.725898	-140.580442	-140.411738	
14.40223	-140.907626	-140.743351	-140.602193	-140.429192	
14.41236	-140.928285	-140.769531	-140.622852	-140.446645	
14.42259	-140.948173	-140.778257	-140.64274	-140.464098	
14.43284	-140.967168	-140.795711	-140.661735	-140.481551	
14.44301	-140.985099	-140.813164	-140.679666	-140.499005	
14.45334	-141.002359	-140.821891	-140.696926	-140.507731	
14.46348	-141.018392	-140.830617	-140.71296	-140.516458	
14.47376	-141.033712	-140.839344	-140.728279	-140.516458	
14.48408	-141.048171	-140.848071	-140.742739	-140.525185	
14.49436	-141.061665	-140.856797	-140.756232	-140.525185	
14.50429	-141.073857	-140.856797	-140.768425	-140.525185	
14.51461	-141.085682	-140.865524	-140.780249	-140.525185	
14.52483	-141.096397	-140.865524	-140.790965	-140.525185	
14.53516	-141.106405	-140.865524	-140.800972	-140.525185	
14.54542	-141.115488	-140.865524	-140.810055	-140.525185	
14.5556	-141.123672	-140.865524	-140.81824	-140.525185	
14.56591	-141.131121	-140.865524	-140.825688	-140.525185	
14.576	-141.137642	-140.865524	-140.83221	-140.525185	
14.58705	-141.143828	-140.865524	-140.838395	-140.525185	
14.59647	-141.148534	-140.865524	-140.843101	-140.525185	
14.60671	-141.152888	-140.865524	-140.847455	-140.525185	
14.62511	-141.157969	-140.865524	-140.852536	-140.525185	
14.63006	-141.159447	-140.865524	-140.854014	-140.525185	
14.64028	-141.161813	-140.865524	-140.85638	-140.525185	
14.65048	-141.163697	-140.865524	-140.858265	-140.525185	
14.66073	-141.168747	-140.865524	-140.863314	-140.525185	
14.6795	-141.168747	-140.865524	-140.863314	-140.525185	
14.68472	-141.168747	-140.865524	-140.863314	-140.525185	
14.69469	-141.168747	-140.865524	-140.863314	-140.525185	
14.70495	-141.168747	-140.865524	-140.863314	-140.525185	
14.71517	-141.168747	-140.865524	-140.863314	-140.525185	
14.72559	-141.168747	-140.865524	-140.863314	-140.525185	
14.73564	-141.168747	-140.865524	-140.863314	-140.525185	
14.74583	-141.168747	-140.865524	-140.863314	-140.525185	
14.75613	-141.168747	-140.865524	-140.863314	-140.525185	
14.76636	-141.168747	-140.865524	-140.863314	-140.525185	
14.77654	-141.168747	-140.865524	-140.863314	-140.525185	
14.78685	-141.168747	-140.865524	-140.863314	-140.525185	
14.7971	-141.168747	-140.865524	-140.863314	-140.525185	
14.80733	-141.168747	-140.865524	-140.863314	-140.525185	
14.81753	-141.168747	-140.865524	-140.863314	-140.525185	
14.8279	-141.168747	-140.865524	-140.863314	-140.525185	
14.83856	-141.168747	-140.865524	-140.863314	-140.525185	
14.84878	-141.168747	-140.865524	-140.863314	-140.525185	
14.85901	-141.168747	-140.865524	-140.863314	-140.525185	
14.86921	-141.168747	-140.865524	-140.863314	-140.525185	
14.87941	-141.168747	-140.865524	-140.863314	-140.525185	
14.88978	-141.168747	-140.865524	-140.863314	-140.525185	
14.90001	-141.168747	-140.865524	-140.863314	-140.525185	
14.91014	-141.168747	-140.865524	-140.863314	-140.525185	
14.92343	-141.168747	-140.865524	-140.863314	-140.525185	
14.93027	-141.168747	-140.865524	-140.863314	-140.525185	
14.94043	-141.168747	-140.865524	-140.863314	-140.525185	
14.95059	-141.168747	-140.865524	-140.863314	-140.525185	
14.96071	-141.168747	-140.865524	-140.863314	-140.525185	
14.97087	-141.168747	-140.865524	-140.863314	-140.525185	
14.98099	-141.168747	-140.865524	-140.863314	-140.525185	
14.99276	-141.168747	-140.865524	-140.863314	-140.525185	
15.00138	-141.168747	-140.865524	-140.863314	-140.525185	
15.01151	-141.168747	-140.865524	-140.863314	-140.525185	
15.02172	-141.168747	-140.865524	-140.863314	-140.525185	
15.0318	-141.168747	-140.865524	-140.863314	-140.525185	
15.04216	-141.168747	-140.865524	-140.863314	-140.525185	
15.05214	-141.168747	-140.865524	-140.863314	-140.525185	
15.06228	-141.168747	-140.865524	-140.863314	-140.525185	
15.07252	-141.168747	-140.865524	-140.863314	-140.525185	
15.08263	-141.168747	-140.865524	-140.863314	-140.525185	
15.09445	-141.168747	-140.865524	-140.863314	-140.525185	
15.10311	-141.168747	-140.865524	-140.863314	-140.525185	
15.11318	-141.168747	-140.865524	-140.863314	-140.525185	
15.12336	-141.168747	-140.865524	-140.863314	-140.525185	
15.13353	-141.168747	-140.865524	-140.863314	-140.525185	
15.14372	-141.168747	-140.865524	-140.863314	-140.525185	
15.15391	-141.168747	-140.865524	-140.863314	-140.525185	
15.16405	-141.168747	-140.865524	-140.863314	-140.525185	
15.17414	-141.168747	-140.865524	-140.863314	-140.525185	
15.18462	-141.168747	-140.865524	-140.863314	-140.525185	
15.19608	-141.168747	-140.865524	-140.863314	-140.525185	
15.20495	-141.168747	-140.865524	-140.863314	-140.525185	
15.21481	-141.168747	-140.865524	-140.863314	-140.525185	
15.22491	-141.168747	-140.865524	-140.863314	-140.525185	
15.2351	-141.168747	-140.865524	-140.863314	-140.525185	
15.25358	-141.168747	-140.865524	-140.863314	-140.525185	
15.25828	-141.168747	-140.865524	-140.863314	-140.525185	
15.26845	-141.168747	-140.865524	-140.863314	-140.525185	
15.27864	-141.168747	-140.865524	-140.863314	-140.525185	
15.28873	-141.168747	-140.865524	-140.863314	-140.525185	
15.30046	-141.168747	-140.865524	-140.863314	-140.525185	
15.31063	-141.168747	-140.865524	-140.863314	-140.525185	
15.32076	-141.168747	-140.865524	-140.863314	-140.525185	
15.33094	-141.168747	-140.865524	-140.863314	-140.525185	
15.34106	-141.168747	-140.865524	-140.863314	-140.525185	
15.35126	-141.168747	-140.865524	-140.863314	-140.525185	
15.36136	-141.168747	-140.865524	-140.863314	-140.525185	
15.37155	-141.168747	-140.865524	-140.863314	-140.525185	
15.3817	-141.168747	-140.865524	-140.863314	-140.525185	
15.39181	-141.168747	-140.865524	-140.863314	-140.525185	
15.40209	-141.168747	-140.865524	-140.863314	-140.525185	
15.41231	-141.168747	-140.865524	-140.863314	-140.525185	
15.42239	-141.168747	-140.865524	-140.863314	-140.525185	
15.43257	-141.168747	-140.865524	-140.863314	-140.525185	
15.44322	-141.168747	-140.865524	-140.863314	-140.525185	
15.45287	-141.168747	-140.865524	-140.863314	-140.525185	
15.46312	-141.168747	-140.865524	-140.863314	-140.525185	
15.47322	-141.168747	-140.865524	-140.863314	-140.525185	
15.48335	-141.168747	-140.865524	-140.863314	-140.525185	
15.49356	-141.168747	-140.865524	-140.863314	-140.525185	
15.50382	-141.168747	-140.865524	-140.863314	-140.525185	
15.51396	-141.168747	-140.865524	-140.863314	-140.525185	
15.52415	-141.168747	-140.865524	-140.863314	-140.525185	
15.5343	-141.168747	-140.865524	-140.863314	-140.525185	
15.54467	-141.168747	-140.865524	-140.863314	-140.525185	
15.5547	-141.168747	-140.865524	-140.863314	-140.525185	
15.56483	-141.168747	-140.865524	-140.863314	-140.525185	
15.58302	-141.168747	-140.865524	-140.863314	-140.525185	
15.58766	-141.168747	-140.865524	-140.863314	-140.525185	
15.59786	-141.168747	-140.865524	-140.863314	-140.525185	
15.60835	-141.168747	-140.865524	-140.863314	-140.525185	
15.61822	-141.168747	-140.865524	-140.863314	-140.525185	
15.62839	-141.168747	-140.865524	-140.863314	-140.525185	
15.63849	-141.168747	-140.865524	-140.863314	-140.525185	
15.64899	-141.168747	-140.865524	-140.863314	-140.525185	
15.65887	-141.168747	-140.865524	-140.863314	-140.525185	
15.66902	-141.168747	-140.865524	-140.863314	-140.525185	
15.67919	-141.168747	-140.865524	-140.863314	-140.525185	
15.68931	-141.168747	-140.865524	-140.863314	-140.525185	
15.69952	-141.168747	-140.865524	-140.863314	-140.525185	
15.7101	-141.168747	-140.865524	-140.863314	-140.525185	
15.71986	-141.168747	-140.865524	-140.863314	-140.525185	
15.73001	-141.168747	-140.865524	-140.863314	-140.525185	
15.74018	-141.168747	-140.865524	-140.863314	-140.525185	
15.75036	-141.168747	-140.865524	-140.863314	-140.525185	
15.76051	-141.168747	-140.865524	-140.863314	-140.525185	
15.77066	-141.168747	-140.865524	-140.863314	-140.525185	
15.78084	-141.168747	-140.865524	-140.863314	-140.525185	
15.79902	-141.168747	-140.865524	-140.863314	-140.525185	
15.80453	-141.168747	-140.865524	-140.863314	-140.525185	
15.81395	-141.168747	-140.865524	-140.863314	-140.525185	
15.82411	-141.168747	-140.865524	-140.863314	-140.525185	
15.83478	-141.168747	-140.865524	-140.863314	-140.525185	
15.84439	-141.168747	-140.865524	-140.863314	-140.525185	
15.85472	-141.168747	-140.865524	-140.863314	-140.525185	
15.86469	-141.168747	-140.865524	-140.863314	-140.525185	
15.87499	-141.168747	-140.865524	-140.863314	-140.525185	
15.88503	-141.168747	-140.865524	-140.863314	-140.525185	
15.89523	-141.168747	-140.865524	-140.863314	-140.525185	
15.91439	-141.168747	-140.865524	-140.863314	-140.525185	
15.91917	-141.168747	-140.865524	-140.863314	-140.525185	
15.92953	-141.168747	-140.865524	-140.863314	-140.525185	
15.95833	-141.168747	-140.865524	-140.863314	-140.525185	
