0.5556197	
0.5603046	
0.5704864	
0.5805242	
0.590712	
0.6009938	
0.6110456	
0.6211374	
0.6313553	
0.6416051	
0.6521129	
0.6622777	
0.6720725	
0.6821563	
0.6922611	
0.7023909	
0.7125497	
0.7306914	
0.7351733	
0.7454171	
0.7554319	
0.7656448	
0.7758196	
0.7859674	
0.7960632	
0.806272	
0.8164338	
0.8266146	
0.8367884	
0.8469382	
0.8571061	
0.8676769	
0.8775997	
0.8877975	
0.8978973	
0.9080901	
0.9182199	
0.9284217	
0.9385735	
0.9487183	
0.9588942	
0.969075	
0.9792218	
0.9893556	
0.9994774	
1.009682	
1.019809	
1.029964	
1.040182	
1.050269	
1.06047	
1.070582	
1.08078	
1.090885	
1.101098	
1.111228	
1.121459	
1.131581	
1.141683	
1.159945	
1.166841	
1.174533	
1.184693	
1.194887	
1.205047	
1.215212	
1.225449	
1.235528	
1.245702	
1.255876	
1.266152	
1.276267	
1.286443	
1.29662	
1.31473	
1.319132	
1.329379	
1.339434	
1.349606	
1.360002	
1.369943	
1.380087	
1.390229	
1.400341	
1.410595	
1.420711	
1.430888	
1.440999	
1.451124	
1.461521	
1.471472	
1.481687	
1.491843	
1.501907	
1.5121	
1.522208	
1.532368	
1.542503	
1.552674	
1.570785	
1.575205	
1.585408	
1.595487	
1.605678	
1.615799	
1.626006	
1.636152	
1.646312	
1.656479	
1.666836	
1.676851	
1.686976	
1.697155	
1.707296	
1.717406	
1.727619	
1.737799	
1.747921	
1.758032	
1.768271	
1.778419	
1.788535	
1.798653	
1.809088	
1.819076	
1.829237	
1.839327	
1.849653	
1.859692	
1.870195	
1.88049	
1.890283	
1.900386	
1.910629	
1.92079	
1.931925	
1.941851	
1.952053	
1.963577	
1.973852	
1.983659	
1.99382	
2.003925	
2.014106	
2.024303	
2.034543	
2.04463	
2.054838	
2.066389	
2.07535	
2.085503	
2.095647	
2.105831	
2.115987	
2.126143	
2.136378	
2.1465	
2.156606	
2.169872	
2.176912	
2.187079	
2.197261	
2.207422	
2.217835	
2.227912	
2.238066	
2.248261	
2.258369	
2.268587	
2.278712	
2.288894	
2.299073	
2.309209	
2.319356	
2.329602	
2.339668	
2.349834	
2.360022	
2.370156	
2.380302	
2.390477	
2.400608	
2.410855	
2.420929	
2.431078	
2.441363	
2.451476	
2.461613	
2.471698	
2.481904	
2.492019	
2.502126	
2.512366	
2.522441	
2.540851	
2.557879	
2.56233	
2.572674	
2.582621	
2.592746	
2.610972	
2.615342	
2.625615	
2.635683	
2.645853	
2.656041	
2.666166	
2.676366	
2.686511	
2.696873	
2.706913	
2.71712	
2.727158	
2.737335	
2.74751	
2.757592	
2.767812	
2.777997	
2.788129	
2.798242	
2.808492	
2.818608	
2.828788	
2.838956	
2.849098	
2.859664	
2.869572	
2.879582	
2.889784	
2.899854	
2.910083	
2.92025	
2.930442	
2.940574	
2.950954	
2.960916	
2.971124	
2.981205	
2.99133	
3.001646	
3.01166	
3.021817	
3.031913	
3.042059	
3.052208	
3.062399	
3.072548	
3.082664	
3.09281	
3.103063	
3.113136	
3.123328	
3.13364	
3.143577	
3.153767	
3.163868	
3.174149	
3.184285	
3.202333	
3.206837	
3.216978	
3.227214	
3.237348	
3.247943	
3.257813	
3.268057	
3.278176	
3.288443	
3.298595	
3.308711	
3.31887	
3.329049	
3.339279	
3.349429	
3.359577	
3.369775	
3.379906	
3.390043	
3.400227	
3.410472	
3.420592	
3.430754	
3.440803	
3.45107	
3.461192	
3.471309	
3.48149	
3.491653	
3.502104	
3.511892	
3.522034	
3.532179	
3.542324	
3.552541	
3.562652	
3.572789	
3.583051	
3.593144	
3.603419	
3.613409	
3.624033	
3.633752	
3.643877	
3.65794	-110.918642	-110.915674	-110.639389	-110.636421	
3.668249	-110.921685	-110.915674	-110.642432	-110.636421	
3.678165	-110.925575	-110.915674	-110.646322	-110.636421	
3.688325	-110.930607	-110.915674	-110.651354	-110.636421	
3.698512	-110.936693	-110.924401	-110.65744	-110.636421	
3.708658	-110.943779	-110.933127	-110.664526	-110.645148	
3.718764	-110.951855	-110.933127	-110.672602	-110.645148	
3.728971	-110.961065	-110.933127	-110.681813	-110.653875	
3.747202	-110.981569	-110.950581	-110.702316	-110.662601	
3.751847	-110.986688	-110.950581	-110.707436	-110.671328	
3.762082	-110.999326	-110.959307	-110.720073	-110.671328	
3.77217	-111.012757	-110.968034	-110.733504	-110.680055	
3.782308	-111.027303	-110.97676	-110.74805	-110.688781	
3.792451	-111.042895	-110.985487	-110.763643	-110.706234	
3.802622	-111.059561	-111.00294	-110.780308	-110.714961	
3.812774	-111.077215	-111.011667	-110.797962	-110.723688	
3.822954	-111.096043	-111.020394	-110.81679	-110.732414	
3.833152	-111.115783	-111.037847	-110.83653	-110.741141	
3.843281	-111.136502	-111.046574	-110.857249	-110.749868	
3.853711	-111.158936	-111.0553	-110.879684	-110.758594	
3.863706	-111.181425	-111.072754	-110.902172	-110.776048	
3.873864	-111.205274	-111.08148	-110.926021	-110.784774	
3.884028	-111.230194	-111.098934	-110.950941	-110.793501	
3.89409	-111.255882	-111.116387	-110.976629	-110.810954	
3.904322	-111.283065	-111.13384	-111.003812	-110.828408	
3.922318	-111.334783	-111.168747	-111.055531	-110.863314	
3.926925	-111.347918	-111.177473	-111.068665	-110.872041	
3.937118	-111.378339	-111.194927	-111.099087	-110.898221	
3.947279	-111.409674	-111.221107	-111.130422	-110.924401	
3.958495	-111.445631	-111.247287	-111.166378	-110.950581	
3.967947	-111.476689	-111.273466	-111.197436	-110.97676	
3.97791	-111.510447	-111.299646	-111.231195	-111.00294	
3.988042	-111.545827	-111.334553	-111.266575	-111.02912	
3.998174	-111.582238	-111.36946	-111.302985	-111.064027	
4.008372	-111.619936	-111.404366	-111.340684	-111.098934	
4.018514	-111.65845	-111.439273	-111.379197	-111.13384	
4.028655	-111.697976	-111.474179	-111.418724	-111.168747	
4.038827	-111.738668	-111.517813	-111.459415	-111.203653	
4.048959	-111.780219	-111.561446	-111.500967	-111.247287	
4.060138	-111.827435	-111.596352	-111.548182	-111.29092	
4.069402	-111.867245	-111.648712	-111.587992	-111.334553	
4.079545	-111.911954	-111.701072	-111.632701	-111.386913	
4.089787	-111.958125	-111.744705	-111.678873	-111.439273	
4.099823	-112.004397	-111.797065	-111.725144	-111.482906	
4.11003	-112.052498	-111.858152	-111.773245	-111.543992	
4.120206	-112.101486	-111.910512	-111.822234	-111.596352	
4.13034	-112.151298	-111.971598	-111.872045	-111.657439	
4.140499	-112.202281	-112.032685	-111.923028	-111.718525	
4.15084	-112.255642	-112.093771	-111.976389	-111.779612	
4.16187	-112.313032	-112.154858	-112.033779	-111.840698	
4.173461	-112.375089	-112.215944	-112.095836	-111.910512	
4.181133	-112.416552	-112.277031	-112.1373	-111.971598	
4.19125	-112.472442	-112.338117	-112.193189	-112.032685	
4.201408	-112.529592	-112.399204	-112.250339	-112.102498	
4.212123	-112.591065	-112.469017	-112.311813	-112.172311	
4.221843	-112.647675	-112.530104	-112.368422	-112.233398	
4.231917	-112.707433	-112.59119	-112.42818	-112.294484	
4.242111	-112.768936	-112.652277	-112.489684	-112.364297	
4.252213	-112.8309	-112.713363	-112.551648	-112.425384	
4.263576	-112.902014	-112.783176	-112.622761	-112.48647	
4.272637	-112.959377	-112.852989	-112.680124	-112.556283	
4.282769	-113.02463	-112.914076	-112.745377	-112.608643	
4.292871	-113.090675	-112.975162	-112.811422	-112.678457	
4.303128	-113.159052	-113.044976	-112.879799	-112.739543	
4.31363	-113.229723	-113.106062	-112.95047	-112.80063	
4.323416	-113.296667	-113.167149	-113.017414	-112.861716	
4.333529	-113.36693	-113.236962	-113.087677	-112.922803	
4.343715	-113.438741	-113.306775	-113.159488	-112.983889	
4.353864	-113.511305	-113.367862	-113.232052	-113.053702	
4.365226	-113.593977	-113.428948	-113.314724	-113.114789	
4.374227	-113.660047	-113.498761	-113.380794	-113.184602	
4.384416	-113.736034	-113.568574	-113.456781	-113.254415	
4.394589	-113.812937	-113.638388	-113.533684	-113.324228	
4.404694	-113.890273	-113.708201	-113.611021	-113.402768	
4.415232	-113.972169	-113.786741	-113.692916	-113.481308	
4.425323	-114.05151	-113.86528	-113.772257	-113.551121	
4.435497	-114.132566	-113.935094	-113.853314	-113.629661	
4.445651	-114.21451	-114.013633	-113.935258	-113.708201	
4.45577	-114.297194	-114.092173	-114.017942	-113.786741	
4.466869	-114.389197	-114.161986	-114.109944	-113.86528	
4.47619	-114.467169	-114.249253	-114.187916	-113.952547	
4.486332	-114.553091	-114.327793	-114.273838	-114.039813	
4.496604	-114.641228	-114.415059	-114.361975	-114.12708	
4.506648	-114.728389	-114.502326	-114.449136	-114.214346	
4.516855	-114.817997	-114.589592	-114.538744	-114.301613	
4.527021	-114.908285	-114.676859	-114.629032	-114.397606	
4.537145	-114.999231	-114.772852	-114.719979	-114.484872	
4.557848	-115.190651	-114.964838	-114.911398	-114.685585	
4.562501	-115.233484	-115.008471	-114.954231	-114.729218	
4.572822	-115.329893	-115.113191	-115.05064	-114.833938	
4.590913	-115.502888	-115.29645	-115.223635	-115.017198	
4.595661	-115.548201	-115.340084	-115.268948	-115.060831	
4.605807	-115.646274	-115.436077	-115.367021	-115.165551	
4.61596	-115.745475	-115.540796	-115.466223	-115.27027	
4.626165	-115.846239	-115.645516	-115.566986	-115.37499	
4.636313	-115.947466	-115.750236	-115.668213	-115.47971	
4.646515	-116.050286	-115.854956	-115.771033	-115.593156	
4.656637	-116.153279	-115.968402	-115.874026	-115.697876	
4.66683	-116.258057	-116.073122	-115.978804	-115.802596	
4.677284	-116.366678	-116.186568	-116.087425	-115.907316	
4.687415	-116.472859	-116.291288	-116.193606	-116.012035	
4.697607	-116.580774	-116.404734	-116.301521	-116.116755	
4.70771	-116.688784	-116.518181	-116.409532	-116.230202	
4.71788	-116.798538	-116.622901	-116.519286	-116.334921	
4.728065	-116.909515	-116.736347	-116.630262	-116.439641	
4.738261	-117.021529	-116.849793	-116.742276	-116.553087	
4.748398	-117.134041	-116.954513	-116.854788	-116.666534	
4.758502	-117.247162	-117.076686	-116.967909	-116.77998	
4.768721	-117.362665	-117.181406	-117.083413	-116.8847	
4.778948	-117.479318	-117.303579	-117.200066	-116.998146	
4.789065	-117.595619	-117.417025	-117.316366	-117.111593	
4.799252	-117.713871	-117.530472	-117.434618	-117.216313	
4.809407	-117.832734	-117.652645	-117.553482	-117.338486	
4.819508	-117.951995	-117.774818	-117.672742	-117.443205	
4.829713	-118.073542	-117.888264	-117.794289	-117.565378	
4.839869	-118.195498	-118.010437	-117.916246	-117.678825	
4.850066	-118.31905	-118.13261	-118.039797	-117.792271	
4.860261	-118.443518	-118.254783	-118.164266	-117.914444	
4.870643	-118.574502	-118.376957	-118.295249	-118.045344	
4.881017	-118.700425	-118.507856	-118.421173	-118.167517	
4.890827	-118.823157	-118.630029	-118.543904	-118.298417	
4.900968	-118.95114	-118.752202	-118.671887	-118.429316	
4.91117	-119.080949	-118.883102	-118.801697	-118.560216	
4.921269	-119.210476	-119.005275	-118.931223	-118.691116	
4.93146	-119.342213	-119.136175	-119.06296	-118.830742	
4.941667	-119.475186	-119.267074	-119.195933	-118.961642	
4.951844	-119.608829	-119.397974	-119.329576	-119.092542	
4.961943	-119.74241	-119.528874	-119.463157	-119.232168	
4.972343	-119.881206	-119.659774	-119.601953	-119.363068	
4.982294	-120.014846	-119.7994	-119.735594	-119.502694	
4.992466	-120.152583	-119.939026	-119.873331	-119.64232	
5.002557	-120.290101	-120.069926	-120.010848	-119.781947	
5.012697	-120.429399	-120.209552	-120.150146	-119.921573	
5.022875	-120.570383	-120.349179	-120.29113	-120.061199	
5.033321	-120.716014	-120.488805	-120.436761	-120.209552	
5.043336	-120.856699	-120.637158	-120.577447	-120.357905	
5.05355	-121.001177	-120.776784	-120.721924	-120.497532	
5.063488	-121.142723	-120.916411	-120.86347	-120.637158	
5.073932	-121.292695	-121.064764	-121.013443	-120.794238	
5.083921	-121.437055	-121.20439	-121.157802	-120.933864	
5.094187	-121.586442	-121.352743	-121.307189	-121.082217	
5.104361	-121.735505	-121.509823	-121.456252	-121.239296	
5.122365	-122.003403	-121.771622	-121.724151	-121.501096	
5.135121	-122.19488	-121.963608	-121.915628	-121.701809	
5.139857	-122.265347	-122.033421	-121.986094	-121.771622	
5.15006	-122.419559	-122.190501	-122.140306	-121.919975	
5.160177	-122.573429	-122.347581	-122.294176	-122.077055	
5.17082	-122.738118	-122.495934	-122.458865	-122.234134	
5.18178	-122.905786	-122.670466	-122.626534	-122.39994	
5.190776	-123.045241	-122.810093	-122.765989	-122.539567	
5.201028	-123.205422	-122.975899	-122.926169	-122.696646	
5.211159	-123.364684	-123.132979	-123.085432	-122.853726	
5.221184	-123.523328	-123.290058	-123.244075	-123.010806	
5.231411	-123.686192	-123.447138	-123.406939	-123.167885	
5.241615	-123.849794	-123.604218	-123.570541	-123.324965	
5.251738	-124.01173	-123.770024	-123.732477	-123.482045	
5.261893	-124.17421	-123.927104	-123.894957	-123.630398	
5.27563	-124.394194	-124.14527	-124.114941	-123.839837	
5.285416	-124.550642	-124.302349	-124.271389	-123.996917	
5.295745	-124.715906	-124.468156	-124.436653	-124.153996	
5.305732	-124.875618	-124.625235	-124.596365	-124.319803	
5.315928	-125.038722	-124.791042	-124.759469	-124.468156	
5.326038	-125.200578	-124.956848	-124.921325	-124.633962	
5.336194	-125.362978	-125.122654	-125.083725	-124.791042	
5.34638	-125.526034	-125.28846	-125.246781	-124.956848	
5.356501	-125.687938	-125.454267	-125.408685	-125.122654	
5.366642	-125.850178	-125.620073	-125.570925	-125.279734	
5.376845	-126.013394	-125.785879	-125.734141	-125.436813	
5.387367	-126.181922	-125.942959	-125.902669	-125.593893	
5.397202	-126.339122	-126.117492	-126.059869	-125.750973	
5.407377	-126.501986	-126.274571	-126.222733	-125.916779	
5.417553	-126.66477	-126.440378	-126.385517	-126.073859	
5.427666	-126.826514	-126.606184	-126.547261	-126.230938	
5.437873	-126.989826	-126.763264	-126.710573	-126.396744	
5.448021	-127.152242	-126.920343	-126.872989	-126.553824	
5.458233	-127.315634	-127.094876	-127.036381	-126.710904	
5.468365	-127.477762	-127.251956	-127.198509	-126.87671	
5.478447	-127.639042	-127.409035	-127.359789	-127.03379	
5.488791	-127.804626	-127.583568	-127.525373	-127.199596	
5.498873	-127.965858	-127.740648	-127.686605	-127.365402	
5.508972	-128.125914	-127.906454	-127.846662	-127.522482	
5.519215	-128.287224	-128.072261	-128.007972	-127.688288	
5.529395	-128.446614	-128.238067	-128.167362	-127.854094	
5.53958	-128.604887	-128.403873	-128.325634	-128.019901	
5.549737	-128.761768	-128.560953	-128.482516	-128.17698	
5.559903	-128.917874	-128.735486	-128.638621	-128.342787	
5.570077	-129.072912	-128.892565	-128.793659	-128.508593	
5.580164	-129.225728	-129.058372	-128.946476	-128.665672	
5.590467	-129.380742	-129.224178	-129.10149	-128.822752	
5.600742	-129.534293	-129.381257	-129.255041	-128.988558	
5.610896	-129.68495	-129.547064	-129.405698	-129.145638	
5.620845	-129.831686	-129.704143	-129.552433	-129.311444	
5.631034	-129.980981	-129.861223	-129.701728	-129.468524	
5.641227	-130.12912	-130.027029	-129.849867	-129.625604	
5.651448	-130.276735	-130.184109	-129.997482	-129.79141	
5.661634	-130.422794	-130.341189	-130.143541	-129.948489	
5.671744	-130.566842	-130.489542	-130.28759	-130.114296	
5.682372	-130.717084	-130.655348	-130.437831	-130.271375	
5.692094	-130.85363	-130.794974	-130.574377	-130.428455	
5.702265	-130.995369	-130.952054	-130.716116	-130.585535	
5.712418	-131.135938	-131.100407	-130.856685	-130.742614	
5.722502	-131.27447	-131.24876	-130.995217	-130.899694	
5.732684	-131.413429	-131.388386	-131.134176	-131.056774	
5.742846	-131.550963	-131.528012	-131.271711	-131.205127	
5.75313	-131.689181	-131.667639	-131.409928	-131.35348	
5.763272	-131.824457	-131.807265	-131.545204	-131.501832	
5.773337	-131.957724	-131.946891	-131.678471	-131.650185	
5.783747	-132.094499	-132.077791	-131.815246	-131.789812	
5.793748	-132.224909	-132.208691	-131.945656	-131.929438	
5.803906	-132.356316	-132.339591	-132.077063	-132.060338	
5.81404	-132.486402	-132.47049	-132.207149	-132.191238	
5.824141	-132.615124	-132.592663	-132.335871	-132.330864	
5.834355	-132.744227	-132.714836	-132.464974	-132.453037	
5.852373	-132.968069	-132.941729	-132.688816	-132.67993	
5.857026	-133.025939	-132.994089	-132.746687	-132.741016	
5.867198	-133.151186	-133.116262	-132.871933	-132.863189	
5.877319	-133.274835	-133.238435	-132.995582	-132.985362	
5.887481	-133.397966	-133.360608	-133.118713	-133.098809	
5.897759	-133.521528	-133.482781	-133.242275	-133.220982	
5.907985	-133.643225	-133.596228	-133.363973	-133.334428	
5.918022	-133.761831	-133.709674	-133.482579	-133.447875	
5.928143	-133.880429	-133.831847	-133.601177	-133.570048	
5.938346	-133.998902	-133.936567	-133.719649	-133.674767	
5.948497	-134.115817	-134.05874	-133.836564	-133.788214	
5.958863	-134.234151	-134.172186	-133.954898	-133.892934	
5.968903	-134.347722	-134.285633	-134.068469	-134.00638	
5.979021	-134.461177	-134.390352	-134.181924	-134.1111	
5.989211	-134.574492	-134.495072	-134.295239	-134.215819	
5.999605	-134.689002	-134.608519	-134.409749	-134.320539	
6.009527	-134.797217	-134.713238	-134.517965	-134.425259	
6.019727	-134.907551	-134.817958	-134.628298	-134.529979	
6.029876	-135.016281	-134.922678	-134.737029	-134.634698	
6.040113	-135.124994	-135.027398	-134.845742	-134.739418	
6.050299	-135.232076	-135.132117	-134.952824	-134.844138	
6.06045	-135.337781	-135.236837	-135.058528	-134.940131	
6.070577	-135.44224	-135.341557	-135.162987	-135.044851	
6.080797	-135.546639	-135.446277	-135.267387	-135.149571	
6.090963	-135.649555	-135.550996	-135.370303	-135.245564	
6.101288	-135.752945	-135.664443	-135.473693	-135.350283	
6.111235	-135.851901	-135.760436	-135.572648	-135.446277	
6.121474	-135.952066	-135.865156	-135.672813	-135.550996	
6.131633	-136.050741	-135.969875	-135.771488	-135.646989	
6.142109	-136.15149	-136.065868	-135.872237	-135.742983	
6.151838	-136.244109	-136.170588	-135.964856	-135.847702	
6.162078	-136.340522	-136.275308	-136.061269	-135.943695	
6.172169	-136.434616	-136.371301	-136.155363	-136.039689	
6.182336	-136.528346	-136.467294	-136.249093	-136.135682	
6.192487	-136.620948	-136.563287	-136.341695	-136.231675	
6.202681	-136.712877	-136.65928	-136.433625	-136.327668	
6.21285	-136.803607	-136.764	-136.524354	-136.432388	
6.230976	-136.961418	-136.929806	-136.682165	-136.598194	
6.235688	-137.002441	-136.97344	-136.723189	-136.641827	
6.245917	-137.09042	-137.069433	-136.811167	-136.73782	
6.25622	-137.177968	-137.156699	-136.898715	-136.825087	
6.266401	-137.263497	-137.252692	-136.984245	-136.92108	
6.276423	-137.346636	-137.331232	-137.067383	-137.008346	
6.286549	-137.429673	-137.418499	-137.15042	-137.095613	
6.305047	-137.577335	-137.566852	-137.298083	-137.261419	
6.309715	-137.614631	-137.601758	-137.335379	-137.305052	
6.319857	-137.694534	-137.689025	-137.415281	-137.383592	
6.330106	-137.774203	-137.767565	-137.494951	-137.462132	
6.340151	-137.851336	-137.846104	-137.572084	-137.549398	
6.350375	-137.929248	-137.924644	-137.649995	-137.627938	
6.360613	-138.005404	-137.994457	-137.726151	-137.706478	
6.37073	-138.080131	-138.06427	-137.800878	-137.776291	
6.380875	-138.153939	-138.14281	-137.874686	-137.846104	
6.390989	-138.226641	-138.212623	-137.947389	-137.915917	
6.402255	-138.306286	-138.282437	-138.027033	-137.994457	
6.411484	-138.370727	-138.343523	-138.091475	-138.055544	
6.421612	-138.440445	-138.40461	-138.161193	-138.11663	
6.431706	-138.508975	-138.474423	-138.229723	-138.177717	
6.442211	-138.579209	-138.535509	-138.299956	-138.24753	
6.452017	-138.643831	-138.596596	-138.364579	-138.308617	
6.462162	-138.70968	-138.657682	-138.430427	-138.369703	
6.472316	-138.774613	-138.718769	-138.49536	-138.422063	
6.482489	-138.83865	-138.779855	-138.559398	-138.483149	
6.492606	-138.901347	-138.832215	-138.622094	-138.544236	
6.504014	-138.970795	-138.902029	-138.691542	-138.605323	
6.513017	-139.024786	-138.954388	-138.745533	-138.657682	
6.523155	-139.084608	-139.006748	-138.805356	-138.718769	
6.533227	-139.143053	-139.067835	-138.8638	-138.771129	
6.555157	-139.264461	-139.190008	-138.985208	-138.893302	
6.559805	-139.290347	-139.216188	-139.011094	-138.919482	
6.570079	-139.346318	-139.268548	-139.067066	-138.971842	
6.580156	-139.400291	-139.320908	-139.121038	-139.024202	
6.590313	-139.453622	-139.381994	-139.174369	-139.085288	
6.600803	-139.508364	-139.425627	-139.229111	-139.137648	
6.610711	-139.557816	-139.486714	-139.278563	-139.190008	
6.620802	-139.607864	-139.530347	-139.328611	-139.242368	
6.630977	-139.657318	-139.582707	-139.378066	-139.294728	
6.641115	-139.705648	-139.635067	-139.426395	-139.347087	
6.65124	-139.752939	-139.6787	-139.473686	-139.399447	
6.661483	-139.799739	-139.73106	-139.520486	-139.451807	
6.671638	-139.845174	-139.78342	-139.565921	-139.504167	
6.681752	-139.889451	-139.827053	-139.610198	-139.5478	
6.691894	-139.932871	-139.870686	-139.653619	-139.591434	
6.702366	-139.976643	-139.923046	-139.69739	-139.643793	
6.714098	-140.024307	-139.975406	-139.745055	-139.696153	
6.724019	-140.063739	-140.019039	-139.784486	-139.739787	
6.734172	-140.103115	-140.062672	-139.823862	-139.78342	
6.744282	-140.141372	-140.106306	-139.862119	-139.827053	
6.762786	-140.207398	-140.176119	-139.928145	-139.896866	
6.767496	-140.224291	-140.193572	-139.945038	-139.914319	
6.785679	-140.285288	-140.263385	-140.006035	-139.984133	
6.790311	-140.300898	-140.280839	-140.021645	-140.001586	
6.800863	-140.335431	-140.315745	-140.056179	-140.036493	
6.810744	-140.36639	-140.341925	-140.087138	-140.071399	
6.820905	-140.397499	-140.376832	-140.118246	-140.097579	
6.831033	-140.427547	-140.411738	-140.148294	-140.132486	
6.841198	-140.456761	-140.437918	-140.177509	-140.158666	
6.85133	-140.484929	-140.464098	-140.205676	-140.184846	
6.861584	-140.51244	-140.490278	-140.233187	-140.211025	
6.871885	-140.539108	-140.516458	-140.259855	-140.237205	
6.881862	-140.56402	-140.533911	-140.284767	-140.254659	
6.891961	-140.588301	-140.551365	-140.309049	-140.272112	
6.902383	-140.61236	-140.568818	-140.333107	-140.289565	
6.912406	-140.634594	-140.586271	-140.355341	-140.307019	
6.922524	-140.65609	-140.603725	-140.376838	-140.324472	
6.932703	-140.676784	-140.621178	-140.397532	-140.341925	
6.942847	-140.696476	-140.638631	-140.417223	-140.359378	
6.961372	-140.728658	-140.656084	-140.449405	-140.376832	
6.966052	-140.736879	-140.656084	-140.457626	-140.376832	
6.97623	-140.75361	-140.673538	-140.474357	-140.394285	
6.986447	-140.769492	-140.673538	-140.490239	-140.394285	
6.996518	-140.784257	-140.682264	-140.505005	-140.403012	
7.006705	-140.798303	-140.690991	-140.519051	-140.411738	
7.016989	-140.811565	-140.699718	-140.532312	-140.420465	
7.027117	-140.823756	-140.708444	-140.544504	-140.420465	
7.037258	-140.835096	-140.708444	-140.555844	-140.429192	
7.04743	-140.845612	-140.708444	-140.56636	-140.429192	
7.057589	-140.855268	-140.717171	-140.576016	-140.437918	
7.067757	-140.864092	-140.717171	-140.584839	-140.437918	
7.077922	-140.872094	-140.725898	-140.592842	-140.446645	
7.08807	-140.87928	-140.725898	-140.600028	-140.446645	
7.098273	-140.885712	-140.725898	-140.60646	-140.455372	
7.108442	-140.891363	-140.725898	-140.61211	-140.455372	
7.118666	-140.896297	-140.734624	-140.617044	-140.455372	
7.128867	-140.900508	-140.734624	-140.621255	-140.455372	
7.138983	-140.904027	-140.734624	-140.624774	-140.455372	
7.14912	-140.90693	-140.734624	-140.627677	-140.455372	
7.159283	-140.909266	-140.734624	-140.630014	-140.455372	
7.16947	-140.911092	-140.734624	-140.631839	-140.455372	
7.18977	-140.915674	-140.734624	-140.636421	-140.455372	
7.202414	-140.915674	-140.734624	-140.636421	-140.455372	
7.20704	-140.915674	-140.734624	-140.636421	-140.455372	
7.217687	-140.915674	-140.734624	-140.636421	-140.455372	
7.235452	-140.915674	-140.734624	-140.636421	-140.455372	
7.240077	-140.915674	-140.734624	-140.636421	-140.455372	
7.250312	-140.915674	-140.734624	-140.636421	-140.455372	
7.260378	-140.915674	-140.734624	-140.636421	-140.455372	
7.270727	-140.915674	-140.734624	-140.636421	-140.455372	
7.280929	-140.915674	-140.734624	-140.636421	-140.455372	
7.291002	-140.915674	-140.734624	-140.636421	-140.455372	
7.301211	-140.915674	-140.734624	-140.636421	-140.455372	
7.311303	-140.915674	-140.734624	-140.636421	-140.455372	
7.321884	-140.915674	-140.734624	-140.636421	-140.455372	
7.331732	-140.915674	-140.734624	-140.636421	-140.455372	
7.341895	-140.915674	-140.734624	-140.636421	-140.455372	
7.35202	-140.915674	-140.734624	-140.636421	-140.455372	
7.362418	-140.915674	-140.734624	-140.636421	-140.455372	
7.372334	-140.915674	-140.734624	-140.636421	-140.455372	
7.38247	-140.915674	-140.734624	-140.636421	-140.455372	
7.392676	-140.915674	-140.734624	-140.636421	-140.455372	
7.40277	-140.915674	-140.734624	-140.636421	-140.455372	
7.413114	-140.915674	-140.734624	-140.636421	-140.455372	
7.423182	-140.915674	-140.734624	-140.636421	-140.455372	
7.433361	-140.915674	-140.734624	-140.636421	-140.455372	
7.4435	-140.915674	-140.734624	-140.636421	-140.455372	
7.45357	-140.915674	-140.734624	-140.636421	-140.455372	
7.463884	-140.915674	-140.734624	-140.636421	-140.455372	
7.473897	-140.915674	-140.734624	-140.636421	-140.455372	
7.484048	-140.915674	-140.734624	-140.636421	-140.455372	
7.4942	-140.915674	-140.734624	-140.636421	-140.455372	
7.504324	-140.915674	-140.734624	-140.636421	-140.455372	
7.522926	-140.915674	-140.734624	-140.636421	-140.455372	
7.528017	-140.915674	-140.734624	-140.636421	-140.455372	
7.538641	-140.915674	-140.734624	-140.636421	-140.455372	
7.548347	-140.915674	-140.734624	-140.636421	-140.455372	
7.558466	-140.915674	-140.734624	-140.636421	-140.455372	
7.568743	-140.915674	-140.734624	-140.636421	-140.455372	
7.57885	-140.915674	-140.734624	-140.636421	-140.455372	
7.588975	-140.915674	-140.734624	-140.636421	-140.455372	
7.599106	-140.915674	-140.734624	-140.636421	-140.455372	
7.609313	-140.915674	-140.734624	-140.636421	-140.455372	
7.620826	-140.915674	-140.734624	-140.636421	-140.455372	
7.629673	-140.915674	-140.734624	-140.636421	-140.455372	
7.639802	-140.915674	-140.734624	-140.636421	-140.455372	
7.650005	-140.915674	-140.734624	-140.636421	-140.455372	
7.660116	-140.915674	-140.734624	-140.636421	-140.455372	
7.670311	-140.915674	-140.734624	-140.636421	-140.455372	
7.680501	-140.915674	-140.734624	-140.636421	-140.455372	
7.690638	-140.915674	-140.734624	-140.636421	-140.455372	
7.7008	-140.915674	-140.734624	-140.636421	-140.455372	
7.715685	-140.915674	-140.734624	-140.636421	-140.455372	
7.725621	-140.915674	-140.734624	-140.636421	-140.455372	
